7 16716 79
7 16719 81
7 16720 80
7 16722 94
7 16723 68
7 16725 80
7 16727 80
7 16728 68
7 16729 68
7 16733 88
7 16735 81
7 16744 94
7 16745 57
7 16746 50
7 16746 55
7 16746 65
7 16746 67
7 16746 71
7 16746 75
7 16746 83
7 16746 87
7 16746 89
7 16746 95
7 16746 98
7 16748 65
7 16753 68
7 16755 77
7 16758 68
7 16760 68
7 16762 53
7 16763 67
7 16763 95
7 16765 66
7 16765 71
7 16765 87
7 16765 96
7 16767 94
7 16769 52
7 16770 80
7 16775 68
7 16776 68
7 16781 53
7 16781 54
7 16781 91
7 16781 92
7 16785 68
7 16786 57
7 16793 50
7 16794 80
7 16798 77
1 127 16662
1 135 16662
1 136 16662
1 221 16662
1 228 16662
1 232 16662
1 233 16662
1 246 16662
1 256 16662
1 266 16662
1 304 16662
1 312 16662
1 314 16662
1 331 16662
1 338 16662
1 345 16662
1 357 16662
1 372 16662
1 377 16662
1 404 16662
1 407 16662
1 417 16662
1 451 16662
1 458 16662
1 469 16662
1 475 16662
1 492 16662
1 495 16662
1 511 16662
1 519 16662
1 544 16662
1 551 16662
1 574 16662
1 599 16662
1 636 16662
1 639 16662
1 645 16662
1 649 16662
1 674 16662
1 677 16662
1 680 16662
1 682 16662
1 725 16662
1 726 16662
1 728 16662
1 738 16662
1 745 16662
1 757 16662
1 775 16662
1 788 16662
1 791 16662
1 795 16662
1 802 16662
1 808 16662
1 818 16662
1 828 16662
1 845 16662
1 894 16662
1 926 16662
1 949 16662
1 952 16662
1 961 16662
1 971 16662
1 1009 16662
1 1019 16662
1 1056 16662
1 1060 16662
1 1065 16662
1 1075 16662
1 1082 16662
1 1090 16662
1 1093 16662
1 1102 16662
1 1105 16662
1 1106 16662
1 1108 16662
1 1113 16662
1 1117 16662
1 1122 16662
1 1147 16662
1 1151 16662
1 1174 16662
1 1190 16662
1 1209 16662
1 1247 16662
1 1261 16662
1 1269 16662
1 1277 16662
1 1281 16662
1 1295 16662
1 1298 16662
1 1309 16662
1 1321 16662
1 1334 16662
1 1357 16662
1 1359 16662
1 1366 16662
1 1376 16662
1 1381 16662
1 1383 16662
1 1398 16662
1 1428 16662
1 1440 16662
1 1441 16662
1 1442 16662
1 1444 16662
1 1445 16662
1 1467 16662
1 1468 16662
1 1472 16662
1 1481 16662
1 1482 16662
1 1486 16662
1 1487 16662
1 1499 16662
1 1500 16662
1 1503 16662
1 1513 16662
1 1533 16662
1 1548 16662
1 1550 16662
1 1563 16662
1 1587 16662
1 1602 16662
1 1603 16662
1 1623 16662
1 1638 16662
1 1639 16662
1 1652 16662
1 1657 16662
1 1660 16662
1 1661 16662
1 1674 16662
1 1687 16662
1 1707 16662
1 1710 16662
1 1713 16662
1 1722 16662
1 1799 16662
1 1812 16662
1 1832 16662
1 1837 16662
1 1846 16662
1 1850 16662
1 1884 16662
1 1887 16662
1 1903 16662
1 1908 16662
1 1919 16662
1 1921 16662
1 1925 16662
1 1928 16662
1 1940 16662
1 1953 16662
1 1954 16662
1 1961 16662
1 1966 16662
1 1986 16662
1 1991 16662
1 1999 16662
1 2003 16662
1 2010 16662
1 2012 16662
1 2013 16662
1 2014 16662
1 2035 16662
1 2036 16662
1 2080 16662
1 2082 16662
1 2092 16662
1 2096 16662
1 2106 16662
1 2112 16662
1 2115 16662
1 2118 16662
1 2119 16662
1 2120 16662
1 2129 16662
1 2136 16662
1 2146 16662
1 2175 16662
1 2177 16662
1 2201 16662
1 2204 16662
1 2207 16662
1 2214 16662
1 2227 16662
1 2228 16662
1 2255 16662
1 2258 16662
1 2269 16662
1 2280 16662
1 2313 16662
1 2321 16662
1 2334 16662
1 2338 16662
1 2342 16662
1 2349 16662
1 2357 16662
1 2395 16662
1 2423 16662
1 2458 16662
1 2459 16662
1 2471 16662
1 2486 16662
1 2489 16662
1 2492 16662
1 2502 16662
1 2512 16662
1 2527 16662
1 2532 16662
1 2540 16662
1 2541 16662
1 2548 16662
1 2568 16662
1 2577 16662
1 2595 16662
1 2598 16662
1 2624 16662
1 2631 16662
1 2642 16662
1 2649 16662
1 2656 16662
1 2711 16662
1 2718 16662
1 2724 16662
1 2730 16662
1 2745 16662
1 2747 16662
1 2801 16662
1 2815 16662
1 2820 16662
1 2836 16662
1 2862 16662
1 2871 16662
1 2872 16662
1 2883 16662
1 2888 16662
1 2895 16662
1 2901 16662
1 2902 16662
1 2906 16662
1 2935 16662
1 2943 16662
1 2959 16662
1 2971 16662
1 2977 16662
1 2984 16662
1 2988 16662
1 3026 16662
1 3037 16662
1 3049 16662
1 3054 16662
1 3061 16662
1 3086 16662
1 3098 16662
1 3127 16662
1 3130 16662
1 3161 16662
1 3163 16662
1 3169 16662
1 3224 16662
1 3239 16662
1 3264 16662
1 3273 16662
1 3302 16662
1 3307 16662
1 3319 16662
1 3324 16662
1 3342 16662
1 3352 16662
1 3375 16662
1 3391 16662
1 3393 16662
1 3397 16662
1 3399 16662
1 3400 16662
1 3420 16662
1 3421 16662
1 3431 16662
1 3445 16662
1 3467 16662
1 3475 16662
1 3486 16662
1 3493 16662
1 3494 16662
1 3513 16662
1 3518 16662
1 3521 16662
1 3523 16662
1 3552 16662
1 3573 16662
1 3576 16662
1 3577 16662
1 3578 16662
1 3587 16662
1 3592 16662
1 3602 16662
1 3603 16662
1 3610 16662
1 3611 16662
1 3621 16662
1 3637 16662
1 3652 16662
1 3661 16662
1 3672 16662
1 3675 16662
1 3679 16662
1 3682 16662
1 3690 16662
1 3691 16662
1 3693 16662
1 3695 16662
1 3696 16662
1 3698 16662
1 3703 16662
1 3706 16662
1 3720 16662
1 3732 16662
1 3734 16662
1 3737 16662
1 3743 16662
1 3750 16662
1 3751 16662
1 3758 16662
1 3786 16662
1 3796 16662
1 3801 16662
1 3810 16662
1 3821 16662
1 3823 16662
1 3837 16662
1 3842 16662
1 3847 16662
1 3848 16662
1 3851 16662
1 3865 16662
1 3877 16662
1 3883 16662
1 3907 16662
1 3912 16662
1 3916 16662
1 3923 16662
1 3956 16662
1 3958 16662
1 3971 16662
1 3978 16662
1 4007 16662
1 4020 16662
1 4047 16662
1 4048 16662
1 4051 16662
1 4079 16662
1 4081 16662
1 4086 16662
1 4087 16662
1 4094 16662
1 4107 16662
1 4115 16662
1 4130 16662
1 4133 16662
1 4138 16662
1 4149 16662
1 4151 16662
1 4154 16662
1 4157 16662
1 4163 16662
1 4166 16662
1 4193 16662
1 4219 16662
1 4223 16662
1 4231 16662
1 4236 16662
1 4239 16662
1 4243 16662
1 4256 16662
1 4261 16662
1 4283 16662
1 4287 16662
1 4316 16662
1 4334 16662
1 4336 16662
1 4349 16662
1 4360 16662
1 4388 16662
1 4394 16662
1 4407 16662
1 4413 16662
1 4418 16662
1 4427 16662
1 4430 16662
1 4433 16662
1 4443 16662
1 4453 16662
1 4454 16662
1 4465 16662
1 4489 16662
1 4490 16662
1 4505 16662
1 4510 16662
1 4515 16662
1 4569 16662
1 4573 16662
1 4580 16662
1 4581 16662
1 4609 16662
1 4618 16662
1 4640 16662
1 4662 16662
1 4699 16662
1 4722 16662
1 4724 16662
1 4734 16662
1 4746 16662
1 4758 16662
1 4771 16662
1 4774 16662
1 4788 16662
1 4829 16662
1 4843 16662
1 4853 16662
1 4857 16662
1 4858 16662
1 4884 16662
1 4891 16662
1 4902 16662
1 4920 16662
1 4925 16662
1 4926 16662
1 4929 16662
1 4937 16662
1 4948 16662
1 4963 16662
1 4978 16662
1 4982 16662
1 4989 16662
1 4990 16662
1 4993 16662
1 5005 16662
1 5006 16662
1 5009 16662
1 5017 16662
1 5035 16662
1 5041 16662
1 5055 16662
1 5063 16662
1 5069 16662
1 5077 16662
1 5080 16662
1 5082 16662
1 5084 16662
1 5103 16662
1 5105 16662
1 5112 16662
1 5118 16662
1 5125 16662
1 5139 16662
1 5154 16662
1 5157 16662
1 5183 16662
1 5190 16662
1 5192 16662
1 5202 16662
1 5207 16662
1 5245 16662
1 5256 16662
1 5259 16662
1 5263 16662
1 5264 16662
1 5265 16662
1 5268 16662
1 5283 16662
1 5296 16662
1 5299 16662
1 5314 16662
1 5316 16662
1 5349 16662
1 5370 16662
1 5379 16662
1 5421 16662
1 5449 16662
1 5453 16662
1 5462 16662
1 5473 16662
1 5485 16662
1 5495 16662
1 5496 16662
1 5510 16662
1 5512 16662
1 5518 16662
1 5523 16662
1 5528 16662
1 5537 16662
1 5547 16662
1 5558 16662
1 5567 16662
1 5579 16662
1 5580 16662
1 5585 16662
1 5626 16662
1 5629 16662
1 5647 16662
1 5658 16662
1 5688 16662
1 5698 16662
1 5720 16662
1 5726 16662
1 5731 16662
1 5754 16662
1 5775 16662
1 5795 16662
1 5815 16662
1 5821 16662
1 5828 16662
1 5887 16662
1 5888 16662
1 5899 16662
1 5905 16662
1 5920 16662
1 5928 16662
1 5930 16662
1 5934 16662
1 5948 16662
1 5969 16662
1 5990 16662
1 6016 16662
1 6020 16662
1 6026 16662
1 6043 16662
1 6057 16662
1 6063 16662
1 6072 16662
1 6084 16662
1 6087 16662
1 6089 16662
1 6104 16662
1 6112 16662
1 6130 16662
1 6138 16662
1 6148 16662
1 6153 16662
1 6165 16662
1 6173 16662
1 6174 16662
1 6181 16662
1 6183 16662
1 6185 16662
1 6186 16662
1 6191 16662
1 6194 16662
1 6216 16662
1 6221 16662
1 6226 16662
1 6231 16662
1 6236 16662
1 6240 16662
1 6241 16662
1 6251 16662
1 6262 16662
1 6271 16662
1 6274 16662
1 6280 16662
1 6281 16662
1 6282 16662
1 6343 16662
1 6344 16662
1 6348 16662
1 6357 16662
1 6388 16662
1 6414 16662
1 6430 16662
1 6432 16662
1 6435 16662
1 6447 16662
1 6454 16662
1 6469 16662
1 6482 16662
1 6487 16662
1 6491 16662
1 6493 16662
1 6501 16662
1 6502 16662
1 6537 16662
1 6543 16662
1 6559 16662
1 6564 16662
1 6566 16662
1 6567 16662
1 6579 16662
1 6581 16662
1 6584 16662
1 6586 16662
1 6587 16662
1 6632 16662
1 6643 16662
1 6645 16662
1 6647 16662
1 6660 16662
1 6668 16662
1 6703 16662
1 6730 16662
1 6756 16662
1 6800 16662
1 6820 16662
1 6831 16662
1 6840 16662
1 6842 16662
1 6844 16662
1 6854 16662
1 6866 16662
1 6871 16662
1 6892 16662
1 6958 16662
1 6968 16662
1 6969 16662
1 6973 16662
1 6989 16662
1 6994 16662
1 6999 16662
1 7008 16662
1 7016 16662
1 7021 16662
1 7025 16662
1 7037 16662
1 7046 16662
1 7053 16662
1 7064 16662
1 7078 16662
1 7090 16662
1 7093 16662
1 7098 16662
1 7103 16662
1 7119 16662
1 7138 16662
1 7140 16662
1 7141 16662
1 7142 16662
1 7145 16662
1 7146 16662
1 7158 16662
1 7184 16662
1 7203 16662
1 7219 16662
1 7242 16662
1 7257 16662
1 7263 16662
1 7273 16662
1 7286 16662
1 7313 16662
1 7320 16662
1 7360 16662
1 7362 16662
1 7367 16662
1 7371 16662
1 7380 16662
1 7402 16662
1 7405 16662
1 7418 16662
1 7427 16662
1 7428 16662
1 7437 16662
1 7438 16662
1 7455 16662
1 7468 16662
1 7475 16662
1 7476 16662
1 7520 16662
1 7527 16662
1 7533 16662
1 7539 16662
1 7542 16662
1 7544 16662
1 7556 16662
1 7569 16662
1 7577 16662
1 7583 16662
1 7585 16662
1 7588 16662
1 7613 16662
1 7615 16662
1 7632 16662
1 7633 16662
1 7635 16662
1 7642 16662
1 7650 16662
1 7661 16662
1 7662 16662
1 7665 16662
1 7674 16662
1 7693 16662
1 7695 16662
1 7698 16662
1 7714 16662
1 7721 16662
1 7723 16662
1 7725 16662
1 7726 16662
1 7733 16662
1 7780 16662
1 7785 16662
1 7810 16662
1 7834 16662
1 7835 16662
1 7875 16662
1 7876 16662
1 7885 16662
1 7894 16662
1 7908 16662
1 7939 16662
1 7960 16662
1 7979 16662
1 7996 16662
1 7998 16662
1 8008 16662
1 8012 16662
1 8024 16662
1 8042 16662
1 8045 16662
1 8053 16662
1 8056 16662
1 8066 16662
1 8070 16662
1 8072 16662
1 8105 16662
1 8140 16662
1 8144 16662
1 8157 16662
1 8167 16662
1 8171 16662
1 8215 16662
1 8216 16662
1 8227 16662
1 8229 16662
1 8248 16662
1 8256 16662
1 8257 16662
1 8266 16662
1 8279 16662
1 8284 16662
1 8290 16662
1 8310 16662
1 8333 16662
1 8338 16662
1 8340 16662
1 8355 16662
1 8397 16662
1 8408 16662
1 8414 16662
1 8418 16662
1 8450 16662
1 8458 16662
1 8459 16662
1 8476 16662
1 8491 16662
1 8502 16662
1 8504 16662
1 8512 16662
1 8516 16662
1 8534 16662
1 8556 16662
1 8561 16662
1 8598 16662
1 8606 16662
1 8609 16662
1 8621 16662
1 8636 16662
1 8642 16662
1 8667 16662
1 8677 16662
1 8696 16662
1 8704 16662
1 8711 16662
1 8742 16662
1 8780 16662
1 8795 16662
1 8817 16662
1 8818 16662
1 8835 16662
1 8845 16662
1 8866 16662
1 8869 16662
1 8876 16662
1 8881 16662
1 8890 16662
1 8910 16662
1 8917 16662
1 8928 16662
1 8944 16662
1 8955 16662
1 8984 16662
1 8997 16662
1 9003 16662
1 9005 16662
1 9038 16662
1 9039 16662
1 9041 16662
1 9092 16662
1 9102 16662
1 9105 16662
1 9108 16662
1 9115 16659
1 9115 16662
1 9116 16662
1 9120 16662
1 9132 16662
1 9137 16662
1 9145 16662
1 9152 16662
1 9153 16662
1 9186 16662
1 9199 16662
1 9214 16662
1 9219 16662
1 9243 16662
1 9245 16662
1 9284 16662
1 9312 16662
1 9343 16662
1 9348 16662
1 9376 16662
1 9384 16662
1 9387 16662
1 9402 16662
1 9416 16662
1 9445 16662
1 9461 16662
1 9466 16662
1 9470 16662
1 9476 16662
1 9493 16662
1 9497 16662
1 9504 16662
1 9546 16662
1 9549 16662
1 9556 16662
1 9585 16662
1 9586 16662
1 9588 16662
1 9599 16662
1 9637 16662
1 9645 16662
1 9650 16662
1 9661 16662
1 9675 16662
1 9677 16662
1 9699 16662
1 9702 16662
1 9705 16662
1 9707 16662
1 9713 16662
1 9721 16662
1 9734 16662
1 9739 16662
1 9751 16662
1 9752 16662
1 9771 16662
1 9773 16662
1 9776 16662
1 9778 16662
1 9790 16662
1 9795 16662
1 9817 16662
1 9835 16662
1 9864 16662
1 9872 16662
1 9889 16662
1 9891 16662
1 9900 16662
1 9908 16662
1 9913 16662
1 9923 16662
1 9932 16662
1 9933 16662
1 9938 16662
1 9949 16662
1 9964 16662
1 9967 16662
1 9974 16662
1 9984 16662
1 9986 16662
1 10031 16662
1 10052 16662
1 10070 16662
1 10097 16662
1 10099 16662
1 10108 16662
1 10117 16662
1 10147 16662
1 10148 16662
1 10156 16662
1 10160 16662
1 10162 16662
1 10165 16662
1 10176 16662
1 10183 16662
1 10192 16662
1 10197 16662
1 10206 16662
1 10207 16662
1 10216 16662
1 10217 16662
1 10285 16662
1 10295 16662
1 10296 16662
1 10304 16662
1 10361 16662
1 10367 16662
1 10376 16662
1 10380 16662
1 10386 16662
1 10402 16662
1 10426 16662
1 10428 16662
1 10431 16662
1 10457 16662
1 10462 16662
1 10486 16662
1 10489 16662
1 10499 16662
1 10527 16662
1 10531 16662
1 10558 16662
1 10567 16662
1 10575 16662
1 10580 16662
1 10592 16662
1 10593 16662
1 10611 16662
1 10621 16662
1 10622 16662
1 10630 16662
1 10655 16662
1 10657 16662
1 10660 16662
1 10683 16662
1 10692 16662
1 10695 16662
1 10697 16662
1 10699 16662
1 10702 16662
1 10704 16662
1 10705 16662
1 10710 16662
1 10718 16662
1 10724 16662
1 10725 16662
1 10745 16662
1 10748 16662
1 10751 16662
1 10755 16662
1 10761 16662
1 10762 16662
1 10772 16662
1 10774 16662
1 10776 16662
1 10786 16662
1 10795 16662
1 10806 16662
1 10810 16662
1 10824 16662
1 10827 16662
1 10830 16662
1 10834 16662
1 10837 16662
1 10852 16662
1 10861 16662
1 10866 16662
1 10868 16662
1 10875 16662
1 10878 16662
1 10882 16662
1 10885 16662
1 10898 16662
1 10899 16662
1 10915 16662
1 10923 16662
1 10928 16662
1 10945 16662
1 10950 16662
1 10951 16662
1 10994 16662
1 10997 16662
1 11000 16662
1 11013 16662
1 11015 16662
1 11027 16662
1 11028 16662
1 11039 16662
1 11084 16662
1 11116 16662
1 11131 16662
1 11144 16662
1 11145 16662
1 11149 16659
1 11149 16662
1 11151 16662
1 11152 16662
1 11174 16662
1 11211 16662
1 11215 16662
1 11219 16662
1 11224 16662
1 11235 16662
1 11276 16662
1 11281 16662
1 11301 16662
1 11302 16662
1 11329 16662
1 11338 16662
1 11342 16662
1 11372 16662
1 11378 16662
1 11382 16662
1 11393 16662
1 11402 16662
1 11419 16662
1 11441 16662
1 11453 16662
1 11481 16662
1 11521 16662
1 11556 16662
1 11564 16662
1 11584 16662
1 11675 16662
1 11688 16662
1 11704 16662
1 11714 16662
1 11716 16662
1 11717 16662
1 11725 16662
1 11726 16662
1 11742 16662
1 11769 16662
1 11787 16662
1 11797 16662
1 11801 16662
1 11812 16662
1 11822 16662
1 11841 16662
1 11853 16662
1 11889 16662
1 11893 16662
1 11896 16662
1 11936 16662
1 11950 16662
1 11955 16662
1 11994 16662
1 12009 16662
1 12024 16662
1 12046 16662
1 12053 16662
1 12061 16662
1 12076 16662
1 12096 16662
1 12102 16662
1 12121 16662
1 12125 16662
1 12133 16662
1 12140 16662
1 12176 16662
1 12196 16662
1 12200 16662
1 12206 16662
1 12211 16662
1 12232 16662
1 12241 16662
1 12246 16662
1 12259 16662
1 12290 16662
1 12298 16662
1 12304 16662
1 12399 16662
1 12401 16662
1 12416 16662
1 12430 16662
1 12431 16662
1 12449 16662
1 12460 16662
1 12466 16662
1 12467 16662
1 12483 16662
1 12495 16662
1 12510 16662
1 12522 16662
1 12541 16662
1 12549 16662
1 12555 16662
1 12560 16662
1 12573 16662
1 12595 16662
1 12657 16662
1 12676 16662
1 12684 16662
1 12686 16662
1 12715 16662
1 12726 16662
1 12735 16662
1 12754 16662
1 12757 16662
1 12759 16662
1 12793 16662
1 12833 16662
1 12840 16662
1 12842 16662
1 12848 16662
1 12870 16662
1 12877 16662
1 12922 16662
1 12930 16662
1 12936 16662
1 12937 16662
1 12993 16662
1 13019 16662
1 13027 16662
1 13045 16662
1 13061 16662
1 13110 16662
1 13141 16662
1 13146 16662
1 13156 16662
1 13158 16662
1 13169 16662
1 13196 16662
1 13213 16662
1 13253 16662
1 13267 16662
1 13271 16662
1 13283 16662
1 13290 16662
1 13303 16662
1 13311 16662
1 13321 16662
1 13344 16662
1 13354 16662
1 13363 16662
1 13380 16662
1 13433 16662
1 13473 16662
1 13481 16662
1 13490 16662
1 13499 16662
1 13515 16662
1 13532 16662
1 13537 16662
1 13542 16662
1 13553 16662
1 13555 16662
1 13557 16662
1 13560 16662
1 13585 16662
1 13593 16662
1 13599 16662
1 13617 16662
1 13622 16662
1 13660 16662
1 13669 16662
1 13709 16662
1 13755 16662
1 13807 16662
1 13808 16662
1 13849 16662
1 13851 16662
1 13868 16662
1 13885 16662
1 13892 16662
1 13893 16662
1 13906 16662
1 13908 16662
1 13909 16662
1 13920 16662
1 13939 16662
1 13947 16662
1 13963 16662
1 13966 16662
1 13968 16662
1 14006 16662
1 14035 16662
1 14062 16662
1 14063 16662
1 14125 16662
1 14127 16662
1 14160 16662
1 14186 16662
1 14191 16662
1 14193 16662
1 14296 16662
1 14297 16662
1 14318 16662
1 14325 16662
1 14342 16662
1 14358 16662
1 14371 16662
1 14374 16662
1 14382 16662
1 14400 16662
1 14409 16662
1 14411 16662
1 14415 16662
1 14425 16662
1 14442 16662
1 14468 16662
1 14470 16662
1 14475 16662
1 14480 16662
1 14483 16662
1 14508 16662
1 14526 16662
1 14547 16662
1 14558 16662
1 14604 16662
1 14609 16662
1 14611 16662
1 14636 16662
1 14664 16662
1 14671 16662
1 14696 16662
1 14728 16662
1 14745 16662
1 14767 16662
1 14773 16662
1 14794 16662
1 14808 16662
1 14866 16662
1 14880 16662
1 14882 16662
1 14935 16662
1 14962 16662
1 15055 16662
1 15056 16662
1 15067 16662
1 15091 16662
1 15095 16662
1 15097 16662
1 15139 16662
1 15222 16662
1 15256 16662
1 15262 16662
1 15275 16662
1 15280 16662
1 15293 16662
1 15315 16662
1 15346 16662
1 15356 16662
1 15386 16662
1 15390 16662
1 15402 16662
1 15419 16662
1 15438 16662
1 15446 16662
1 15463 16662
1 15464 16662
1 15466 16662
1 15478 16662
1 15513 16662
1 15552 16662
1 15581 16662
1 15591 16662
1 15605 16662
1 15639 16662
1 15646 16662
1 15653 16662
1 15719 16662
1 15786 16662
1 15788 16662
1 15806 16662
1 15817 16662
1 15849 16662
1 15876 16662
1 15889 16662
1 15897 16662
1 15914 16662
1 16050 16662
1 16132 16662
1 16139 16662
1 16145 16662
1 16146 16662
1 16160 16662
1 16205 16662
1 16227 16662
1 16297 16662
1 16300 16662
1 16364 16662
2 127 16642
2 135 16642
2 136 16649
2 221 16649
2 228 16649
2 232 16649
2 233 16645
2 246 16649
2 256 16642
2 266 16642
2 304 16649
2 312 16649
2 314 16649
2 331 16642
2 338 16649
2 345 16642
2 357 16642
2 372 16642
2 377 16649
2 404 16642
2 407 16649
2 417 16642
2 451 16642
2 458 16642
2 469 16649
2 475 16649
2 492 16649
2 495 16649
2 511 16649
2 519 16649
2 544 16642
2 551 16642
2 574 16649
2 599 16642
2 636 16651
2 639 16645
2 645 16649
2 649 16642
2 674 16649
2 677 16649
2 680 16642
2 682 16642
2 725 16649
2 726 16642
2 728 16648
2 738 16639
2 745 16649
2 757 16642
2 775 16645
2 788 16642
2 791 16649
2 795 16642
2 802 16649
2 808 16649
2 818 16649
2 828 16649
2 845 16642
2 894 16649
2 926 16649
2 949 16649
2 952 16642
2 961 16642
2 971 16649
2 1009 16652
2 1019 16649
2 1056 16649
2 1060 16642
2 1065 16649
2 1075 16637
2 1082 16649
2 1090 16652
2 1093 16652
2 1102 16649
2 1105 16649
2 1106 16649
2 1108 16651
2 1113 16642
2 1117 16649
2 1122 16649
2 1147 16649
2 1151 16642
2 1174 16640
2 1190 16642
2 1209 16642
2 1247 16633
2 1261 16649
2 1269 16649
2 1277 16649
2 1281 16642
2 1295 16639
2 1298 16642
2 1309 16642
2 1321 16642
2 1334 16642
2 1357 16642
2 1359 16642
2 1366 16649
2 1376 16649
2 1381 16642
2 1383 16642
2 1398 16649
2 1428 16649
2 1440 16642
2 1441 16642
2 1442 16649
2 1444 16649
2 1445 16642
2 1467 16652
2 1468 16649
2 1472 16642
2 1481 16640
2 1482 16649
2 1486 16642
2 1487 16649
2 1499 16639
2 1500 16649
2 1503 16639
2 1513 16642
2 1533 16649
2 1548 16642
2 1550 16649
2 1563 16645
2 1587 16649
2 1602 16649
2 1603 16642
2 1623 16649
2 1638 16642
2 1639 16642
2 1652 16642
2 1657 16642
2 1660 16642
2 1661 16649
2 1674 16642
2 1687 16642
2 1707 16639
2 1710 16642
2 1713 16642
2 1722 16642
2 1799 16649
2 1812 16642
2 1832 16642
2 1837 16649
2 1846 16642
2 1850 16642
2 1884 16642
2 1887 16642
2 1903 16642
2 1908 16649
2 1919 16642
2 1921 16642
2 1925 16649
2 1928 16633
2 1940 16642
2 1953 16642
2 1954 16642
2 1961 16642
2 1966 16648
2 1986 16642
2 1991 16642
2 1999 16642
2 2003 16642
2 2010 16642
2 2012 16642
2 2013 16642
2 2014 16642
2 2035 16647
2 2036 16642
2 2080 16642
2 2082 16642
2 2092 16649
2 2096 16649
2 2106 16642
2 2112 16642
2 2115 16650
2 2118 16642
2 2119 16642
2 2120 16650
2 2129 16639
2 2136 16649
2 2146 16642
2 2175 16649
2 2177 16649
2 2201 16642
2 2204 16642
2 2207 16642
2 2214 16649
2 2227 16647
2 2228 16642
2 2255 16633
2 2258 16642
2 2269 16642
2 2280 16642
2 2313 16649
2 2321 16642
2 2334 16642
2 2338 16642
2 2342 16642
2 2349 16649
2 2357 16642
2 2395 16649
2 2423 16642
2 2458 16649
2 2459 16642
2 2471 16642
2 2486 16633
2 2489 16649
2 2492 16642
2 2502 16649
2 2512 16645
2 2527 16648
2 2532 16642
2 2540 16642
2 2541 16633
2 2548 16633
2 2568 16642
2 2577 16633
2 2595 16642
2 2598 16649
2 2624 16649
2 2631 16642
2 2642 16649
2 2649 16652
2 2656 16633
2 2711 16649
2 2718 16649
2 2724 16649
2 2730 16642
2 2745 16649
2 2747 16639
2 2801 16642
2 2815 16650
2 2820 16649
2 2836 16645
2 2862 16642
2 2871 16651
2 2872 16649
2 2883 16645
2 2888 16633
2 2895 16645
2 2901 16649
2 2902 16642
2 2906 16649
2 2935 16652
2 2943 16650
2 2959 16642
2 2971 16648
2 2977 16649
2 2984 16649
2 2988 16642
2 3026 16649
2 3037 16642
2 3049 16642
2 3054 16649
2 3061 16642
2 3086 16649
2 3098 16649
2 3127 16642
2 3130 16649
2 3161 16649
2 3163 16642
2 3169 16652
2 3224 16649
2 3239 16642
2 3264 16642
2 3273 16649
2 3302 16642
2 3307 16646
2 3319 16642
2 3324 16649
2 3342 16633
2 3352 16642
2 3375 16642
2 3391 16649
2 3393 16642
2 3397 16642
2 3399 16642
2 3400 16649
2 3420 16642
2 3421 16642
2 3431 16642
2 3445 16645
2 3467 16649
2 3475 16642
2 3486 16649
2 3493 16642
2 3494 16646
2 3513 16649
2 3518 16642
2 3521 16642
2 3523 16642
2 3552 16650
2 3573 16652
2 3576 16642
2 3577 16652
2 3578 16639
2 3587 16652
2 3592 16642
2 3602 16642
2 3603 16645
2 3610 16645
2 3611 16649
2 3621 16645
2 3637 16642
2 3652 16649
2 3661 16649
2 3672 16633
2 3675 16633
2 3679 16649
2 3682 16649
2 3690 16649
2 3691 16642
2 3693 16642
2 3695 16649
2 3696 16649
2 3698 16642
2 3703 16649
2 3706 16642
2 3720 16642
2 3732 16642
2 3734 16652
2 3737 16642
2 3743 16633
2 3750 16649
2 3751 16649
2 3758 16651
2 3786 16649
2 3796 16642
2 3801 16648
2 3810 16642
2 3821 16649
2 3823 16649
2 3837 16642
2 3842 16649
2 3847 16649
2 3848 16642
2 3851 16650
2 3865 16649
2 3877 16642
2 3883 16649
2 3907 16642
2 3912 16649
2 3916 16648
2 3923 16642
2 3956 16648
2 3958 16642
2 3971 16639
2 3978 16642
2 4007 16645
2 4020 16649
2 4047 16642
2 4048 16649
2 4051 16642
2 4079 16647
2 4081 16642
2 4086 16642
2 4087 16645
2 4094 16649
2 4107 16645
2 4115 16642
2 4130 16649
2 4133 16642
2 4138 16642
2 4149 16642
2 4151 16649
2 4154 16649
2 4157 16642
2 4163 16645
2 4166 16645
2 4193 16642
2 4219 16642
2 4223 16649
2 4231 16649
2 4236 16642
2 4239 16642
2 4243 16649
2 4256 16642
2 4261 16649
2 4283 16642
2 4287 16642
2 4316 16650
2 4334 16642
2 4336 16642
2 4349 16651
2 4360 16642
2 4388 16642
2 4394 16649
2 4407 16642
2 4413 16649
2 4418 16645
2 4427 16645
2 4430 16642
2 4433 16645
2 4443 16649
2 4453 16650
2 4454 16652
2 4465 16649
2 4489 16649
2 4490 16633
2 4505 16649
2 4510 16645
2 4515 16649
2 4569 16648
2 4573 16640
2 4580 16642
2 4581 16649
2 4609 16642
2 4618 16649
2 4640 16642
2 4662 16648
2 4699 16642
2 4722 16645
2 4724 16649
2 4734 16649
2 4746 16642
2 4758 16642
2 4771 16645
2 4774 16642
2 4788 16649
2 4829 16652
2 4843 16642
2 4853 16642
2 4857 16649
2 4858 16649
2 4884 16649
2 4891 16642
2 4902 16642
2 4920 16642
2 4925 16642
2 4926 16649
2 4929 16642
2 4937 16642
2 4948 16649
2 4963 16649
2 4978 16642
2 4982 16649
2 4989 16642
2 4990 16649
2 4993 16645
2 5005 16642
2 5006 16642
2 5009 16642
2 5017 16645
2 5035 16642
2 5041 16642
2 5055 16645
2 5063 16642
2 5069 16642
2 5077 16639
2 5080 16642
2 5082 16649
2 5084 16642
2 5103 16649
2 5105 16642
2 5112 16642
2 5118 16649
2 5125 16642
2 5139 16649
2 5154 16649
2 5157 16642
2 5183 16642
2 5190 16649
2 5192 16650
2 5202 16649
2 5207 16642
2 5245 16650
2 5256 16642
2 5259 16649
2 5263 16642
2 5264 16642
2 5265 16642
2 5268 16645
2 5283 16633
2 5296 16642
2 5299 16633
2 5314 16649
2 5316 16642
2 5349 16649
2 5370 16642
2 5379 16633
2 5421 16645
2 5449 16649
2 5453 16642
2 5462 16645
2 5473 16645
2 5485 16645
2 5495 16649
2 5496 16649
2 5510 16642
2 5512 16642
2 5518 16649
2 5523 16645
2 5528 16642
2 5537 16645
2 5547 16633
2 5558 16642
2 5567 16649
2 5579 16642
2 5580 16642
2 5585 16649
2 5626 16649
2 5629 16649
2 5647 16649
2 5658 16642
2 5688 16650
2 5698 16650
2 5720 16642
2 5726 16652
2 5731 16642
2 5754 16649
2 5775 16642
2 5795 16642
2 5815 16649
2 5821 16650
2 5828 16649
2 5887 16649
2 5888 16642
2 5899 16649
2 5905 16642
2 5920 16642
2 5928 16652
2 5930 16650
2 5934 16650
2 5948 16642
2 5969 16642
2 5990 16647
2 6016 16649
2 6020 16642
2 6026 16649
2 6043 16642
2 6057 16639
2 6063 16649
2 6072 16642
2 6084 16642
2 6087 16642
2 6089 16633
2 6104 16642
2 6112 16648
2 6130 16645
2 6138 16642
2 6148 16649
2 6153 16642
2 6165 16642
2 6173 16642
2 6174 16639
2 6181 16649
2 6183 16649
2 6185 16649
2 6186 16639
2 6191 16639
2 6194 16649
2 6216 16642
2 6221 16642
2 6226 16642
2 6231 16642
2 6236 16649
2 6240 16649
2 6241 16649
2 6251 16642
2 6262 16649
2 6271 16642
2 6274 16648
2 6280 16649
2 6281 16642
2 6282 16642
2 6343 16642
2 6344 16642
2 6348 16651
2 6357 16649
2 6388 16649
2 6414 16649
2 6430 16649
2 6432 16652
2 6435 16649
2 6447 16649
2 6454 16649
2 6469 16642
2 6482 16645
2 6487 16639
2 6491 16645
2 6493 16645
2 6501 16642
2 6502 16649
2 6537 16649
2 6543 16649
2 6559 16649
2 6564 16642
2 6566 16642
2 6567 16642
2 6579 16649
2 6581 16649
2 6584 16649
2 6586 16649
2 6587 16649
2 6632 16642
2 6643 16642
2 6645 16647
2 6647 16642
2 6660 16645
2 6668 16649
2 6703 16649
2 6730 16652
2 6756 16650
2 6800 16649
2 6820 16649
2 6831 16642
2 6840 16645
2 6842 16650
2 6844 16642
2 6854 16649
2 6866 16649
2 6871 16642
2 6892 16642
2 6958 16633
2 6968 16649
2 6969 16650
2 6973 16649
2 6989 16642
2 6994 16642
2 6999 16642
2 7008 16645
2 7016 16646
2 7021 16649
2 7025 16650
2 7037 16642
2 7046 16649
2 7053 16645
2 7064 16649
2 7078 16649
2 7090 16649
2 7093 16642
2 7098 16642
2 7103 16649
2 7119 16645
2 7138 16649
2 7140 16649
2 7141 16650
2 7142 16642
2 7145 16642
2 7146 16642
2 7158 16649
2 7184 16649
2 7203 16650
2 7219 16649
2 7242 16649
2 7257 16650
2 7263 16649
2 7273 16642
2 7286 16645
2 7313 16642
2 7320 16649
2 7360 16642
2 7362 16648
2 7367 16649
2 7371 16642
2 7380 16642
2 7402 16642
2 7405 16642
2 7418 16649
2 7427 16640
2 7428 16633
2 7437 16649
2 7438 16649
2 7455 16639
2 7468 16649
2 7475 16639
2 7476 16642
2 7520 16633
2 7527 16642
2 7533 16642
2 7539 16649
2 7542 16649
2 7544 16642
2 7556 16649
2 7569 16642
2 7577 16642
2 7583 16649
2 7585 16649
2 7588 16642
2 7613 16649
2 7615 16642
2 7632 16642
2 7633 16640
2 7635 16649
2 7642 16642
2 7650 16649
2 7661 16652
2 7662 16649
2 7665 16649
2 7674 16649
2 7693 16642
2 7695 16649
2 7698 16637
2 7714 16648
2 7721 16649
2 7723 16642
2 7725 16649
2 7726 16642
2 7733 16649
2 7780 16649
2 7785 16642
2 7810 16649
2 7834 16642
2 7835 16642
2 7875 16642
2 7876 16649
2 7885 16649
2 7894 16649
2 7908 16649
2 7939 16642
2 7960 16649
2 7979 16646
2 7996 16649
2 7998 16649
2 8008 16642
2 8012 16642
2 8024 16649
2 8042 16642
2 8045 16642
2 8053 16645
2 8056 16642
2 8066 16649
2 8070 16642
2 8072 16648
2 8105 16642
2 8140 16652
2 8144 16649
2 8157 16642
2 8167 16652
2 8171 16642
2 8215 16649
2 8216 16649
2 8227 16642
2 8229 16649
2 8248 16642
2 8256 16649
2 8257 16645
2 8266 16642
2 8279 16649
2 8284 16642
2 8290 16649
2 8310 16648
2 8333 16642
2 8338 16649
2 8340 16649
2 8355 16649
2 8397 16642
2 8408 16649
2 8414 16648
2 8418 16649
2 8450 16642
2 8458 16651
2 8459 16649
2 8476 16642
2 8491 16649
2 8502 16642
2 8504 16649
2 8512 16649
2 8516 16642
2 8534 16650
2 8556 16649
2 8561 16642
2 8598 16642
2 8606 16642
2 8609 16642
2 8621 16642
2 8636 16649
2 8642 16647
2 8667 16649
2 8677 16640
2 8696 16642
2 8704 16642
2 8711 16642
2 8742 16650
2 8780 16642
2 8795 16642
2 8817 16649
2 8818 16649
2 8835 16652
2 8845 16642
2 8866 16649
2 8869 16642
2 8876 16649
2 8881 16649
2 8890 16649
2 8910 16649
2 8917 16649
2 8928 16645
2 8944 16642
2 8955 16642
2 8984 16649
2 8997 16646
2 9003 16642
2 9005 16642
2 9038 16649
2 9039 16650
2 9041 16642
2 9092 16650
2 9102 16649
2 9105 16649
2 9108 16649
2 9115 16649
2 9116 16649
2 9120 16649
2 9132 16642
2 9137 16650
2 9145 16642
2 9152 16649
2 9153 16649
2 9186 16639
2 9199 16642
2 9214 16649
2 9219 16650
2 9243 16642
2 9245 16645
2 9284 16639
2 9312 16649
2 9343 16642
2 9348 16642
2 9376 16649
2 9384 16649
2 9387 16642
2 9402 16649
2 9416 16642
2 9445 16649
2 9461 16642
2 9466 16649
2 9470 16649
2 9476 16642
2 9493 16645
2 9497 16649
2 9504 16645
2 9546 16649
2 9549 16649
2 9556 16649
2 9585 16642
2 9586 16642
2 9588 16642
2 9599 16639
2 9637 16639
2 9645 16649
2 9650 16642
2 9661 16650
2 9675 16642
2 9677 16649
2 9699 16646
2 9702 16648
2 9705 16649
2 9707 16652
2 9713 16649
2 9721 16649
2 9734 16649
2 9739 16649
2 9751 16642
2 9752 16649
2 9771 16649
2 9773 16652
2 9776 16650
2 9778 16645
2 9790 16652
2 9795 16642
2 9817 16642
2 9835 16645
2 9864 16642
2 9872 16649
2 9889 16639
2 9891 16649
2 9900 16649
2 9908 16652
2 9913 16642
2 9923 16642
2 9932 16642
2 9933 16649
2 9938 16649
2 9949 16642
2 9964 16649
2 9967 16642
2 9974 16642
2 9984 16639
2 9986 16642
2 10031 16646
2 10052 16642
2 10070 16652
2 10097 16642
2 10099 16642
2 10108 16649
2 10117 16642
2 10147 16642
2 10148 16649
2 10156 16650
2 10160 16650
2 10162 16649
2 10165 16649
2 10176 16649
2 10183 16649
2 10192 16649
2 10197 16648
2 10206 16649
2 10207 16642
2 10216 16642
2 10217 16642
2 10285 16649
2 10295 16649
2 10296 16642
2 10304 16649
2 10361 16649
2 10367 16642
2 10376 16639
2 10380 16642
2 10386 16639
2 10402 16633
2 10426 16642
2 10428 16642
2 10431 16642
2 10457 16642
2 10462 16645
2 10486 16649
2 10489 16642
2 10499 16642
2 10527 16649
2 10531 16648
2 10558 16649
2 10567 16645
2 10575 16649
2 10580 16649
2 10592 16642
2 10593 16642
2 10611 16649
2 10621 16649
2 10622 16649
2 10630 16642
2 10655 16639
2 10657 16642
2 10660 16633
2 10683 16639
2 10692 16649
2 10695 16649
2 10697 16649
2 10699 16649
2 10702 16649
2 10704 16649
2 10705 16649
2 10710 16649
2 10718 16645
2 10724 16649
2 10725 16649
2 10745 16649
2 10748 16645
2 10751 16642
2 10755 16642
2 10761 16642
2 10762 16642
2 10772 16642
2 10774 16649
2 10776 16649
2 10786 16642
2 10795 16642
2 10806 16642
2 10810 16642
2 10824 16649
2 10827 16642
2 10830 16642
2 10834 16639
2 10837 16633
2 10852 16642
2 10861 16642
2 10866 16650
2 10868 16642
2 10875 16649
2 10878 16649
2 10882 16649
2 10885 16650
2 10898 16652
2 10899 16645
2 10915 16642
2 10923 16639
2 10928 16642
2 10945 16642
2 10950 16642
2 10951 16650
2 10994 16649
2 10997 16649
2 11000 16645
2 11013 16642
2 11015 16649
2 11027 16646
2 11028 16642
2 11039 16642
2 11084 16645
2 11116 16649
2 11131 16649
2 11144 16642
2 11145 16652
2 11149 16652
2 11151 16652
2 11152 16650
2 11174 16652
2 11211 16649
2 11215 16649
2 11219 16649
2 11224 16649
2 11235 16642
2 11276 16642
2 11281 16642
2 11301 16649
2 11302 16649
2 11329 16649
2 11338 16649
2 11342 16642
2 11372 16649
2 11378 16649
2 11382 16649
2 11393 16649
2 11402 16649
2 11419 16642
2 11441 16642
2 11453 16649
2 11481 16642
2 11521 16649
2 11556 16650
2 11564 16652
2 11584 16649
2 11675 16649
2 11688 16650
2 11704 16652
2 11714 16642
2 11716 16645
2 11717 16649
2 11725 16642
2 11726 16642
2 11742 16639
2 11769 16642
2 11787 16649
2 11797 16642
2 11801 16649
2 11812 16642
2 11822 16649
2 11841 16642
2 11853 16642
2 11889 16649
2 11893 16642
2 11896 16642
2 11936 16652
2 11950 16642
2 11955 16648
2 11994 16649
2 12009 16639
2 12024 16650
2 12046 16642
2 12053 16649
2 12061 16649
2 12076 16646
2 12096 16650
2 12102 16642
2 12121 16649
2 12125 16642
2 12133 16649
2 12140 16633
2 12176 16642
2 12196 16642
2 12200 16649
2 12206 16642
2 12211 16650
2 12232 16649
2 12241 16642
2 12246 16649
2 12259 16642
2 12290 16649
2 12298 16649
2 12304 16649
2 12399 16649
2 12401 16642
2 12416 16642
2 12430 16642
2 12431 16642
2 12449 16649
2 12460 16642
2 12466 16640
2 12467 16642
2 12483 16649
2 12495 16649
2 12510 16642
2 12522 16645
2 12541 16645
2 12549 16652
2 12555 16642
2 12560 16649
2 12573 16642
2 12595 16645
2 12657 16642
2 12676 16649
2 12684 16642
2 12686 16649
2 12715 16645
2 12726 16642
2 12735 16648
2 12754 16649
2 12757 16649
2 12759 16646
2 12793 16650
2 12833 16642
2 12840 16642
2 12842 16642
2 12848 16642
2 12870 16642
2 12877 16642
2 12922 16642
2 12930 16649
2 12936 16642
2 12937 16642
2 12993 16642
2 13019 16649
2 13027 16642
2 13045 16649
2 13061 16642
2 13110 16650
2 13141 16642
2 13146 16645
2 13156 16642
2 13158 16642
2 13169 16639
2 13196 16642
2 13213 16649
2 13253 16649
2 13267 16642
2 13271 16642
2 13283 16642
2 13290 16639
2 13303 16642
2 13311 16639
2 13321 16642
2 13344 16649
2 13354 16642
2 13363 16649
2 13380 16649
2 13433 16642
2 13473 16645
2 13481 16645
2 13490 16642
2 13499 16650
2 13515 16649
2 13532 16649
2 13537 16642
2 13542 16649
2 13553 16649
2 13555 16649
2 13557 16650
2 13560 16642
2 13585 16647
2 13593 16642
2 13599 16649
2 13617 16649
2 13622 16642
2 13660 16642
2 13669 16649
2 13709 16642
2 13755 16649
2 13807 16649
2 13808 16654
2 13849 16642
2 13851 16639
2 13868 16642
2 13885 16642
2 13892 16649
2 13893 16649
2 13906 16642
2 13908 16642
2 13909 16642
2 13920 16649
2 13939 16645
2 13947 16649
2 13963 16642
2 13966 16642
2 13968 16649
2 14006 16642
2 14035 16642
2 14062 16642
2 14063 16642
2 14125 16633
2 14127 16650
2 14160 16642
2 14186 16642
2 14191 16642
2 14193 16642
2 14296 16650
2 14297 16649
2 14318 16642
2 14325 16642
2 14342 16650
2 14358 16642
2 14371 16642
2 14374 16646
2 14382 16649
2 14400 16642
2 14409 16642
2 14411 16642
2 14415 16649
2 14425 16649
2 14442 16652
2 14468 16642
2 14470 16650
2 14475 16649
2 14480 16642
2 14483 16642
2 14508 16649
2 14526 16652
2 14547 16642
2 14558 16649
2 14604 16649
2 14609 16642
2 14611 16642
2 14636 16642
2 14664 16649
2 14671 16649
2 14696 16642
2 14728 16649
2 14745 16642
2 14767 16649
2 14773 16642
2 14794 16649
2 14808 16649
2 14866 16642
2 14880 16649
2 14882 16642
2 14935 16649
2 14962 16649
2 15055 16649
2 15056 16642
2 15067 16648
2 15091 16649
2 15095 16649
2 15097 16649
2 15139 16642
2 15222 16649
2 15256 16652
2 15262 16645
2 15275 16650
2 15280 16642
2 15293 16642
2 15315 16642
2 15346 16649
2 15356 16650
2 15386 16642
2 15390 16642
2 15402 16650
2 15419 16642
2 15438 16649
2 15446 16642
2 15463 16649
2 15464 16651
2 15466 16652
2 15478 16652
2 15513 16649
2 15552 16649
2 15581 16649
2 15591 16649
2 15605 16652
2 15639 16642
2 15646 16654
2 15653 16642
2 15719 16648
2 15786 16652
2 15788 16652
2 15806 16652
2 15817 16642
2 15849 16652
2 15876 16651
2 15889 16642
2 15897 16649
2 15914 16650
2 16050 16642
2 16132 16642
2 16139 16649
2 16145 16649
2 16146 16649
2 16160 16633
2 16205 16642
2 16227 16646
2 16297 16642
2 16300 16649
2 16364 16642
3 16632 16804
3 16633 16802
3 16633 16803
3 16633 16804
3 16633 16806
3 16633 16809
3 16633 16810
3 16633 16812
3 16633 16813
3 16633 16819
3 16633 16813
3 16633 16819
3 16633 16815
3 16635 16803
3 16635 16804
3 16635 16806
3 16636 16806
3 16637 16803
3 16637 16804
3 16637 16806
3 16637 16812
3 16638 16803
3 16638 16813
3 16638 16819
3 16638 16813
3 16638 16819
3 16639 16802
3 16639 16803
3 16639 16804
3 16639 16806
3 16639 16810
3 16639 16812
3 16639 16813
3 16639 16819
3 16639 16813
3 16639 16819
3 16639 16815
3 16640 16803
3 16640 16804
3 16640 16806
3 16640 16810
3 16640 16813
3 16640 16819
3 16640 16813
3 16640 16819
3 16640 16815
3 16642 16801
3 16642 16802
3 16642 16803
3 16642 16804
3 16642 16806
3 16642 16809
3 16642 16810
3 16642 16812
3 16642 16813
3 16642 16819
3 16642 16813
3 16642 16819
3 16642 16815
3 16642 16817
3 16644 16803
3 16645 16801
3 16645 16802
3 16645 16803
3 16645 16804
3 16645 16806
3 16645 16810
3 16645 16812
3 16645 16813
3 16645 16819
3 16645 16813
3 16645 16819
3 16645 16815
3 16646 16801
3 16646 16802
3 16646 16803
3 16646 16804
3 16646 16806
3 16646 16810
3 16646 16812
3 16647 16803
3 16647 16804
3 16647 16806
3 16647 16813
3 16647 16819
3 16647 16813
3 16647 16819
3 16647 16815
3 16648 16801
3 16648 16802
3 16648 16803
3 16648 16804
3 16648 16806
3 16648 16810
3 16648 16815
3 16649 16801
3 16649 16802
3 16649 16803
3 16649 16804
3 16649 16806
3 16649 16809
3 16649 16810
3 16649 16811
3 16649 16812
3 16649 16813
3 16649 16819
3 16649 16813
3 16649 16819
3 16649 16815
3 16649 16817
3 16650 16801
3 16650 16802
3 16650 16803
3 16650 16804
3 16650 16806
3 16650 16812
3 16650 16813
3 16650 16819
3 16650 16813
3 16650 16819
3 16650 16815
3 16651 16802
3 16651 16803
3 16651 16804
3 16651 16806
3 16651 16810
3 16651 16812
3 16651 16813
3 16651 16819
3 16651 16813
3 16651 16819
3 16651 16815
3 16652 16801
3 16652 16802
3 16652 16803
3 16652 16804
3 16652 16806
3 16652 16810
3 16652 16812
3 16652 16813
3 16652 16819
3 16652 16813
3 16652 16819
3 16652 16815
3 16654 16803
3 16654 16804
3 16654 16806
3 16654 16812
3 16655 16803
3 16655 16806
3 16655 16813
3 16655 16819
3 16655 16813
3 16655 16819
4 16801 16820
4 16802 16820
4 16803 16820
4 16804 16820
4 16806 16820
4 16809 16820
4 16810 16820
4 16811 16820
4 16812 16820
4 16813 16813
4 16813 16819
4 16813 16813
4 16813 16819
4 16819 16813
4 16819 16819
4 16819 16813
4 16819 16819
4 16813 16813
4 16813 16819
4 16813 16813
4 16813 16819
4 16819 16813
4 16819 16819
4 16819 16813
4 16819 16819
4 16813 16820
4 16819 16820
4 16813 16820
4 16819 16820
4 16815 16820
4 16817 16820
5 16813 16824
5 16819 16824
5 16813 16824
5 16819 16824
5 16820 16824
5 16820 16825
5 16820 16828
5 16820 16829
5 16820 16834
5 16820 16836
5 16820 16837
5 16820 16838
5 16820 16841
5 16820 16843
5 16820 16844
5 16820 16846
5 16820 16848
5 16820 16849
6 16838 16719
6 16834 16720
6 16837 16720
6 16838 16722
6 16846 16723
6 16848 16723
6 16837 16725
6 16834 16727
6 16837 16727
6 16829 16728
6 16846 16728
6 16848 16728
6 16846 16729
6 16848 16729
6 16828 16733
6 16838 16733
6 16838 16735
6 16838 16744
6 16838 16745
6 16825 16746
6 16838 16746
6 16841 16746
6 16841 16748
6 16836 16753
6 16843 16753
6 16848 16753
6 16849 16753
6 16844 16755
6 16846 16758
6 16848 16758
6 16846 16760
6 16848 16760
6 16844 16762
6 16828 16763
6 16838 16763
6 16828 16765
6 16838 16765
6 16838 16767
6 16824 16769
6 16846 16775
6 16848 16775
6 16846 16776
6 16844 16781
6 16846 16785
6 16848 16785
6 16825 16786
6 16838 16793