6 16838 16715
6 16838 16719
6 16838 16722
6 16846 16723
6 16848 16723
6 16841 16724
6 16848 16726
6 16829 16728
6 16846 16728
6 16848 16728
6 16846 16729
6 16848 16729
6 16828 16733
6 16838 16733
6 16828 16734
6 16838 16734
6 16838 16736
6 16832 16741
6 16845 16741
6 16845 16742
6 16838 16744
6 16827 16745
6 16838 16745
6 16827 16746
6 16838 16746
6 16841 16746
6 16841 16748
6 16838 16749
6 16841 16749
6 16841 16750
6 16836 16753
6 16843 16753
6 16848 16753
6 16849 16753
6 16844 16755
6 16847 16757
6 16846 16758
6 16848 16758
6 16846 16759
6 16846 16760
6 16844 16762
6 16828 16763
6 16838 16763
6 16828 16765
6 16838 16765
6 16831 16766
6 16838 16767
6 16838 16771
6 16838 16772
6 16838 16773
6 16828 16774
6 16838 16774
6 16846 16775
6 16848 16775
6 16846 16776
6 16831 16777
6 16831 16778
6 16851 16779
6 16852 16779
6 16844 16781
6 16831 16782
6 16846 16785
6 16848 16785
6 16825 16786
6 16841 16788
6 16841 16789
6 16841 16790
6 16841 16791
6 16838 16793
6 16833 16796
7 16715 93
7 16716 79
7 16718 84
7 16719 81
7 16722 94
7 16723 68
7 16724 74
7 16726 68
7 16728 68
7 16729 68
7 16730 84
7 16733 88
7 16734 64
7 16736 93
7 16741 85
7 16742 85
7 16744 57
7 16744 81
7 16745 57
7 16746 50
7 16746 55
7 16746 65
7 16746 66
7 16746 67
7 16746 71
7 16746 72
7 16746 74
7 16746 75
7 16746 83
7 16746 87
7 16746 89
7 16746 95
7 16746 96
7 16746 98
7 16748 65
7 16749 74
7 16750 74
7 16753 68
7 16755 77
7 16757 49
7 16758 68
7 16759 68
7 16760 68
7 16762 53
7 16763 67
7 16763 72
7 16763 95
7 16765 66
7 16765 71
7 16765 87
7 16765 96
7 16766 82
7 16767 94
7 16771 93
7 16772 93
7 16773 93
7 16774 64
7 16775 68
7 16776 68
7 16777 82
7 16778 82
7 16779 84
7 16781 53
7 16781 54
7 16781 91
7 16781 92
7 16782 82
7 16785 68
7 16786 57
7 16788 65
7 16789 74
7 16790 74
7 16791 74
7 16792 49
7 16792 85
7 16793 50
7 16796 73
1 114 16662
1 127 16662
1 134 16662
1 136 16662
1 147 16662
1 148 16662
1 150 16662
1 153 16662
1 170 16662
1 178 16662
1 179 16662
1 192 16662
1 194 16662
1 195 16662
1 196 16662
1 212 16662
1 213 16662
1 214 16659
1 214 16662
1 221 16662
1 225 16662
1 233 16662
1 237 16662
1 239 16662
1 253 16662
1 255 16662
1 258 16662
1 262 16662
1 266 16662
1 268 16662
1 270 16662
1 271 16662
1 282 16662
1 291 16662
1 302 16662
1 304 16662
1 308 16662
1 313 16662
1 315 16662
1 318 16662
1 321 16662
1 326 16662
1 330 16662
1 332 16662
1 335 16662
1 338 16662
1 343 16662
1 345 16662
1 348 16662
1 357 16662
1 365 16662
1 372 16662
1 380 16662
1 382 16662
1 386 16662
1 394 16662
1 404 16662
1 407 16662
1 417 16662
1 419 16662
1 422 16662
1 430 16662
1 441 16662
1 445 16662
1 447 16662
1 458 16659
1 468 16662
1 469 16662
1 471 16662
1 473 16662
1 478 16662
1 495 16662
1 511 16662
1 529 16662
1 530 16662
1 535 16659
1 535 16662
1 548 16662
1 550 16662
1 551 16662
1 554 16662
1 564 16662
1 571 16662
1 574 16662
1 593 16662
1 595 16662
1 599 16662
1 603 16662
1 615 16662
1 617 16662
1 635 16662
1 636 16662
1 644 16662
1 645 16662
1 649 16662
1 658 16662
1 661 16662
1 664 16662
1 671 16662
1 677 16662
1 678 16662
1 680 16662
1 682 16662
1 689 16659
1 690 16662
1 695 16662
1 702 16662
1 709 16662
1 711 16662
1 712 16662
1 717 16662
1 725 16662
1 726 16662
1 738 16662
1 748 16662
1 757 16662
1 765 16662
1 769 16662
1 774 16662
1 777 16662
1 783 16662
1 784 16662
1 791 16662
1 795 16662
1 797 16662
1 802 16662
1 803 16662
1 808 16662
1 814 16662
1 818 16662
1 824 16662
1 827 16662
1 846 16662
1 855 16662
1 865 16662
1 866 16662
1 882 16662
1 883 16662
1 889 16662
1 892 16662
1 894 16662
1 896 16662
1 897 16662
1 900 16662
1 920 16662
1 926 16662
1 938 16662
1 944 16662
1 949 16662
1 952 16662
1 955 16662
1 956 16662
1 968 16662
1 969 16662
1 973 16662
1 975 16662
1 980 16662
1 982 16662
1 988 16662
1 994 16662
1 1002 16662
1 1007 16662
1 1008 16662
1 1009 16662
1 1011 16662
1 1020 16662
1 1028 16662
1 1031 16662
1 1043 16662
1 1055 16662
1 1056 16662
1 1060 16662
1 1063 16662
1 1065 16662
1 1071 16662
1 1082 16662
1 1089 16662
1 1093 16662
1 1100 16662
1 1102 16662
1 1104 16662
1 1105 16662
1 1108 16662
1 1109 16662
1 1117 16662
1 1119 16662
1 1122 16662
1 1123 16662
1 1139 16662
1 1143 16662
1 1148 16662
1 1156 16662
1 1158 16662
1 1171 16662
1 1176 16662
1 1177 16662
1 1195 16662
1 1198 16662
1 1200 16662
1 1205 16662
1 1207 16662
1 1209 16662
1 1212 16662
1 1229 16662
1 1241 16662
1 1255 16662
1 1260 16662
1 1262 16662
1 1265 16662
1 1274 16662
1 1276 16662
1 1277 16662
1 1281 16662
1 1286 16662
1 1288 16662
1 1289 16662
1 1297 16662
1 1298 16662
1 1304 16662
1 1309 16662
1 1319 16662
1 1321 16662
1 1329 16662
1 1332 16662
1 1334 16662
1 1337 16662
1 1344 16662
1 1347 16662
1 1348 16662
1 1349 16662
1 1350 16662
1 1352 16662
1 1353 16662
1 1357 16662
1 1358 16662
1 1359 16662
1 1365 16662
1 1366 16662
1 1372 16659
1 1372 16662
1 1380 16662
1 1381 16662
1 1383 16662
1 1398 16662
1 1403 16662
1 1416 16662
1 1417 16662
1 1421 16662
1 1427 16662
1 1428 16662
1 1430 16662
1 1432 16662
1 1435 16662
1 1437 16662
1 1442 16662
1 1444 16662
1 1445 16662
1 1449 16662
1 1461 16662
1 1467 16662
1 1468 16662
1 1472 16662
1 1474 16662
1 1475 16662
1 1481 16662
1 1486 16662
1 1489 16662
1 1492 16662
1 1497 16662
1 1499 16662
1 1502 16662
1 1503 16662
1 1505 16662
1 1513 16662
1 1521 16662
1 1524 16662
1 1528 16662
1 1530 16662
1 1534 16662
1 1536 16662
1 1547 16662
1 1550 16662
1 1551 16662
1 1560 16662
1 1561 16662
1 1564 16662
1 1568 16662
1 1570 16662
1 1587 16662
1 1588 16662
1 1593 16662
1 1597 16662
1 1598 16662
1 1603 16662
1 1606 16662
1 1620 16662
1 1621 16662
1 1622 16662
1 1623 16662
1 1632 16662
1 1638 16662
1 1639 16662
1 1652 16662
1 1659 16662
1 1660 16662
1 1661 16662
1 1671 16662
1 1687 16659
1 1700 16662
1 1707 16662
1 1708 16662
1 1710 16662
1 1722 16662
1 1738 16662
1 1745 16662
1 1750 16662
1 1753 16662
1 1758 16662
1 1759 16662
1 1772 16662
1 1777 16662
1 1788 16662
1 1790 16662
1 1791 16662
1 1799 16662
1 1806 16662
1 1811 16662
1 1815 16662
1 1818 16662
1 1819 16662
1 1828 16662
1 1831 16662
1 1832 16662
1 1846 16662
1 1861 16662
1 1863 16662
1 1865 16662
1 1869 16662
1 1870 16662
1 1875 16662
1 1884 16662
1 1901 16662
1 1902 16662
1 1903 16662
1 1904 16662
1 1905 16662
1 1908 16662
1 1916 16662
1 1917 16662
1 1919 16662
1 1926 16662
1 1934 16662
1 1936 16662
1 1938 16662
1 1940 16662
1 1945 16662
1 1949 16662
1 1954 16662
1 1960 16662
1 1961 16662
1 1967 16662
1 1977 16662
1 1991 16662
1 1994 16662
1 2002 16662
1 2005 16662
1 2012 16662
1 2014 16662
1 2025 16662
1 2026 16662
1 2036 16662
1 2037 16662
1 2058 16662
1 2063 16662
1 2065 16662
1 2066 16662
1 2070 16662
1 2071 16662
1 2082 16662
1 2098 16662
1 2101 16662
1 2103 16659
1 2112 16662
1 2129 16662
1 2134 16662
1 2136 16662
1 2142 16659
1 2146 16662
1 2159 16662
1 2165 16662
1 2172 16662
1 2176 16662
1 2177 16662
1 2187 16662
1 2189 16662
1 2192 16662
1 2198 16662
1 2204 16662
1 2207 16662
1 2217 16662
1 2218 16662
1 2222 16662
1 2225 16662
1 2229 16662
1 2237 16662
1 2258 16662
1 2270 16662
1 2279 16662
1 2280 16662
1 2283 16662
1 2293 16662
1 2300 16659
1 2300 16662
1 2302 16662
1 2310 16662
1 2313 16662
1 2316 16662
1 2317 16662
1 2321 16662
1 2325 16662
1 2335 16662
1 2336 16659
1 2336 16662
1 2338 16662
1 2340 16662
1 2341 16662
1 2344 16662
1 2349 16662
1 2352 16662
1 2356 16662
1 2369 16662
1 2376 16662
1 2377 16662
1 2395 16662
1 2399 16662
1 2405 16659
1 2413 16662
1 2419 16662
1 2423 16662
1 2424 16662
1 2428 16662
1 2431 16662
1 2434 16662
1 2442 16662
1 2443 16662
1 2449 16662
1 2451 16662
1 2458 16662
1 2459 16662
1 2463 16662
1 2471 16662
1 2476 16662
1 2480 16662
1 2487 16662
1 2489 16662
1 2492 16662
1 2496 16662
1 2499 16662
1 2502 16662
1 2508 16662
1 2512 16662
1 2514 16662
1 2523 16662
1 2531 16662
1 2540 16662
1 2541 16662
1 2547 16662
1 2564 16662
1 2577 16662
1 2595 16662
1 2598 16662
1 2609 16662
1 2610 16662
1 2616 16662
1 2618 16662
1 2619 16662
1 2624 16662
1 2626 16662
1 2629 16662
1 2631 16662
1 2640 16662
1 2641 16662
1 2642 16662
1 2643 16662
1 2651 16662
1 2652 16662
1 2653 16662
1 2662 16662
1 2677 16659
1 2678 16662
1 2683 16662
1 2688 16662
1 2694 16662
1 2696 16659
1 2696 16662
1 2701 16662
1 2704 16662
1 2710 16662
1 2711 16662
1 2715 16662
1 2720 16662
1 2722 16662
1 2730 16662
1 2732 16662
1 2736 16662
1 2738 16662
1 2743 16662
1 2745 16662
1 2747 16662
1 2754 16662
1 2771 16662
1 2788 16662
1 2791 16662
1 2801 16662
1 2803 16662
1 2810 16662
1 2818 16662
1 2820 16662
1 2824 16662
1 2828 16662
1 2836 16662
1 2857 16662
1 2860 16662
1 2870 16662
1 2871 16662
1 2872 16662
1 2883 16662
1 2884 16662
1 2888 16662
1 2894 16662
1 2899 16662
1 2902 16662
1 2906 16662
1 2908 16662
1 2909 16662
1 2917 16662
1 2920 16662
1 2922 16662
1 2923 16662
1 2924 16662
1 2934 16662
1 2935 16662
1 2936 16662
1 2938 16662
1 2942 16662
1 2945 16662
1 2962 16662
1 2965 16662
1 2966 16662
1 2977 16662
1 2982 16662
1 2983 16662
1 2984 16662
1 3037 16662
1 3047 16662
1 3054 16662
1 3058 16662
1 3070 16662
1 3073 16662
1 3075 16662
1 3082 16662
1 3086 16662
1 3097 16662
1 3098 16662
1 3099 16662
1 3101 16662
1 3113 16662
1 3115 16662
1 3116 16662
1 3123 16662
1 3130 16662
1 3135 16662
1 3136 16662
1 3140 16662
1 3156 16662
1 3162 16662
1 3163 16662
1 3164 16662
1 3167 16662
1 3169 16662
1 3171 16662
1 3174 16662
1 3179 16662
1 3181 16662
1 3183 16662
1 3187 16662
1 3191 16662
1 3192 16662
1 3194 16662
1 3195 16662
1 3199 16662
1 3215 16662
1 3218 16662
1 3224 16662
1 3231 16662
1 3237 16662
1 3238 16662
1 3239 16662
1 3256 16662
1 3257 16662
1 3267 16662
1 3273 16662
1 3275 16662
1 3281 16662
1 3282 16662
1 3294 16662
1 3295 16662
1 3296 16662
1 3310 16662
1 3319 16662
1 3320 16662
1 3324 16662
1 3331 16662
1 3342 16662
1 3351 16662
1 3352 16662
1 3353 16662
1 3355 16662
1 3377 16662
1 3380 16662
1 3389 16662
1 3391 16662
1 3394 16662
1 3398 16662
1 3399 16662
1 3400 16662
1 3402 16662
1 3406 16662
1 3420 16662
1 3421 16662
1 3431 16662
1 3434 16662
1 3438 16662
1 3445 16662
1 3446 16662
1 3466 16662
1 3471 16662
1 3476 16662
1 3480 16662
1 3482 16662
1 3491 16662
1 3511 16662
1 3513 16662
1 3517 16662
1 3518 16662
1 3520 16662
1 3521 16662
1 3522 16662
1 3532 16662
1 3534 16662
1 3540 16662
1 3552 16662
1 3556 16662
1 3558 16662
1 3560 16662
1 3573 16662
1 3576 16662
1 3577 16662
1 3578 16662
1 3582 16662
1 3583 16662
1 3586 16662
1 3587 16662
1 3588 16662
1 3590 16662
1 3591 16662
1 3592 16662
1 3597 16662
1 3602 16662
1 3608 16662
1 3617 16662
1 3631 16662
1 3633 16662
1 3644 16662
1 3645 16662
1 3653 16662
1 3662 16662
1 3666 16662
1 3667 16659
1 3668 16662
1 3670 16662
1 3672 16662
1 3675 16662
1 3682 16662
1 3684 16662
1 3688 16662
1 3690 16662
1 3691 16662
1 3695 16662
1 3698 16662
1 3700 16662
1 3710 16662
1 3717 16662
1 3718 16662
1 3720 16662
1 3730 16662
1 3738 16662
1 3741 16662
1 3743 16662
1 3748 16662
1 3757 16662
1 3772 16659
1 3773 16662
1 3786 16662
1 3796 16662
1 3803 16662
1 3807 16662
1 3810 16662
1 3814 16662
1 3821 16662
1 3823 16662
1 3824 16662
1 3829 16662
1 3842 16662
1 3847 16662
1 3851 16662
1 3854 16662
1 3855 16662
1 3865 16662
1 3877 16662
1 3882 16662
1 3884 16662
1 3890 16662
1 3895 16662
1 3896 16662
1 3897 16662
1 3898 16662
1 3901 16659
1 3904 16662
1 3907 16662
1 3908 16662
1 3912 16662
1 3916 16662
1 3919 16662
1 3923 16662
1 3941 16662
1 3957 16662
1 3960 16662
1 3964 16662
1 3966 16662
1 3974 16662
1 3978 16662
1 3980 16662
1 3986 16662
1 3989 16662
1 3997 16662
1 4000 16662
1 4007 16662
1 4016 16662
1 4020 16662
1 4035 16662
1 4036 16662
1 4047 16662
1 4059 16662
1 4066 16662
1 4070 16662
1 4072 16662
1 4078 16662
1 4080 16662
1 4081 16662
1 4083 16662
1 4084 16662
1 4086 16662
1 4091 16662
1 4092 16662
1 4094 16662
1 4096 16662
1 4107 16662
1 4112 16662
1 4115 16662
1 4117 16662
1 4126 16662
1 4131 16662
1 4141 16662
1 4142 16662
1 4149 16662
1 4151 16662
1 4157 16662
1 4162 16662
1 4163 16662
1 4166 16662
1 4175 16662
1 4180 16662
1 4187 16662
1 4192 16662
1 4193 16662
1 4197 16662
1 4201 16662
1 4204 16660
1 4204 16662
1 4208 16662
1 4213 16662
1 4218 16662
1 4219 16662
1 4223 16662
1 4224 16662
1 4231 16662
1 4233 16662
1 4236 16662
1 4239 16662
1 4256 16662
1 4261 16662
1 4276 16662
1 4283 16662
1 4287 16662
1 4292 16662
1 4302 16662
1 4306 16662
1 4312 16662
1 4330 16662
1 4334 16662
1 4336 16662
1 4337 16662
1 4344 16662
1 4345 16662
1 4354 16662
1 4360 16662
1 4361 16662
1 4362 16662
1 4363 16662
1 4381 16662
1 4383 16662
1 4386 16662
1 4387 16662
1 4390 16662
1 4391 16662
1 4395 16662
1 4397 16662
1 4401 16662
1 4405 16662
1 4418 16662
1 4422 16662
1 4427 16662
1 4430 16662
1 4432 16662
1 4443 16662
1 4453 16662
1 4454 16662
1 4457 16662
1 4459 16662
1 4462 16662
1 4465 16662
1 4467 16662
1 4473 16662
1 4476 16662
1 4478 16662
1 4490 16662
1 4492 16662
1 4501 16662
1 4504 16662
1 4506 16662
1 4513 16662
1 4515 16662
1 4528 16662
1 4536 16662
1 4552 16662
1 4564 16662
1 4565 16662
1 4571 16662
1 4573 16662
1 4576 16662
1 4580 16662
1 4581 16662
1 4582 16662
1 4584 16662
1 4587 16662
1 4589 16662
1 4603 16662
1 4605 16662
1 4609 16662
1 4615 16662
1 4618 16662
1 4630 16662
1 4640 16662
1 4649 16662
1 4650 16662
1 4654 16662
1 4657 16662
1 4662 16662
1 4663 16662
1 4672 16662
1 4673 16662
1 4684 16662
1 4707 16662
1 4723 16662
1 4724 16662
1 4733 16662
1 4735 16662
1 4738 16662
1 4744 16662
1 4756 16662
1 4758 16662
1 4762 16662
1 4763 16662
1 4774 16662
1 4785 16662
1 4790 16662
1 4804 16662
1 4816 16662
1 4826 16662
1 4829 16662
1 4833 16662
1 4836 16662
1 4843 16662
1 4853 16662
1 4862 16662
1 4873 16662
1 4876 16662
1 4884 16662
1 4885 16662
1 4891 16662
1 4902 16662
1 4905 16662
1 4913 16659
1 4913 16662
1 4915 16662
1 4926 16662
1 4929 16662
1 4932 16662
1 4957 16662
1 4963 16662
1 4964 16662
1 4967 16662
1 4978 16662
1 4981 16662
1 4983 16662
1 4986 16662
1 4989 16662
1 4993 16662
1 5005 16662
1 5006 16662
1 5008 16662
1 5012 16662
1 5020 16662
1 5042 16662
1 5047 16662
1 5055 16662
1 5067 16662
1 5069 16662
1 5089 16662
1 5092 16662
1 5103 16662
1 5105 16662
1 5112 16662
1 5123 16662
1 5133 16662
1 5136 16662
1 5139 16662
1 5145 16662
1 5149 16662
1 5154 16662
1 5155 16662
1 5157 16662
1 5167 16662
1 5170 16662
1 5171 16662
1 5174 16662
1 5183 16662
1 5191 16662
1 5192 16662
1 5202 16662
1 5207 16662
1 5215 16662
1 5218 16662
1 5221 16662
1 5232 16662
1 5233 16662
1 5238 16662
1 5245 16662
1 5248 16662
1 5253 16662
1 5256 16662
1 5257 16662
1 5258 16662
1 5259 16662
1 5262 16662
1 5264 16662
1 5268 16662
1 5269 16662
1 5270 16662
1 5274 16662
1 5277 16662
1 5287 16662
1 5291 16662
1 5296 16662
1 5299 16662
1 5302 16662
1 5314 16662
1 5316 16662
1 5327 16662
1 5335 16662
1 5337 16662
1 5347 16662
1 5356 16662
1 5357 16662
1 5362 16662
1 5363 16662
1 5365 16662
1 5370 16662
1 5379 16662
1 5389 16662
1 5392 16662
1 5395 16662
1 5400 16662
1 5405 16662
1 5419 16662
1 5421 16662
1 5422 16662
1 5428 16662
1 5431 16662
1 5432 16662
1 5436 16662
1 5438 16662
1 5439 16662
1 5443 16662
1 5463 16662
1 5473 16662
1 5483 16659
1 5483 16662
1 5485 16662
1 5495 16662
1 5506 16662
1 5510 16662
1 5512 16662
1 5518 16662
1 5524 16662
1 5529 16662
1 5531 16662
1 5532 16662
1 5533 16662
1 5534 16662
1 5539 16662
1 5547 16662
1 5550 16662
1 5558 16662
1 5561 16662
1 5563 16662
1 5567 16662
1 5579 16662
1 5580 16662
1 5586 16662
1 5588 16662
1 5593 16662
1 5600 16662
1 5613 16662
1 5620 16659
1 5626 16662
1 5628 16662
1 5629 16662
1 5632 16662
1 5633 16662
1 5634 16662
1 5641 16662
1 5642 16662
1 5643 16662
1 5647 16662
1 5650 16662
1 5651 16662
1 5652 16662
1 5653 16662
1 5656 16662
1 5658 16662
1 5664 16662
1 5670 16662
1 5672 16662
1 5680 16662
1 5681 16662
1 5682 16662
1 5692 16662
1 5698 16659
1 5699 16662
1 5700 16662
1 5703 16662
1 5712 16662
1 5714 16662
1 5720 16662
1 5723 16662
1 5726 16662
1 5727 16662
1 5730 16662
1 5744 16662
1 5750 16662
1 5753 16662
1 5768 16662
1 5775 16662
1 5778 16662
1 5789 16662
1 5791 16659
1 5813 16662
1 5815 16662
1 5817 16662
1 5821 16662
1 5828 16662
1 5836 16662
1 5844 16662
1 5855 16662
1 5859 16662
1 5862 16662
1 5872 16662
1 5873 16662
1 5876 16662
1 5883 16662
1 5887 16662
1 5890 16662
1 5892 16662
1 5894 16662
1 5895 16662
1 5900 16662
1 5905 16662
1 5906 16662
1 5916 16662
1 5925 16662
1 5927 16662
1 5928 16662
1 5930 16662
1 5937 16662
1 5938 16662
1 5947 16662
1 5948 16662
1 5951 16662
1 5953 16662
1 5957 16662
1 5962 16662
1 5969 16662
1 5977 16662
1 5986 16662
1 5987 16662
1 5990 16662
1 5996 16662
1 5997 16662
1 6001 16662
1 6008 16662
1 6012 16662
1 6020 16659
1 6020 16662
1 6023 16662
1 6024 16662
1 6026 16662
1 6044 16662
1 6051 16662
1 6052 16662
1 6057 16662
1 6058 16659
1 6063 16662
1 6067 16662
1 6071 16662
1 6072 16662
1 6077 16662
1 6080 16662
1 6084 16662
1 6089 16662
1 6092 16662
1 6093 16662
1 6095 16662
1 6099 16662
1 6104 16662
1 6105 16662
1 6112 16662
1 6123 16662
1 6130 16662
1 6133 16662
1 6137 16659
1 6139 16662
1 6143 16662
1 6154 16662
1 6171 16662
1 6173 16659
1 6173 16662
1 6175 16662
1 6182 16662
1 6183 16662
1 6186 16662
1 6189 16662
1 6191 16662
1 6194 16662
1 6196 16662
1 6209 16662
1 6216 16662
1 6223 16662
1 6226 16662
1 6230 16662
1 6231 16662
1 6238 16662
1 6248 16662
1 6251 16662
1 6255 16662
1 6262 16662
1 6280 16662
1 6281 16662
1 6282 16662
1 6286 16662
1 6293 16662
1 6307 16662
1 6323 16662
1 6324 16662
1 6328 16662
1 6331 16662
1 6336 16662
1 6338 16662
1 6347 16662
1 6357 16662
1 6358 16662
1 6361 16662
1 6372 16662
1 6380 16662
1 6388 16662
1 6398 16662
1 6400 16662
1 6403 16662
1 6404 16662
1 6419 16662
1 6421 16662
1 6423 16662
1 6427 16662
1 6428 16662
1 6430 16662
1 6435 16662
1 6437 16662
1 6447 16662
1 6448 16662
1 6453 16662
1 6454 16662
1 6457 16662
1 6466 16662
1 6472 16662
1 6487 16662
1 6496 16662
1 6498 16662
1 6500 16662
1 6502 16662
1 6507 16662
1 6522 16662
1 6523 16662
1 6537 16662
1 6554 16659
1 6554 16662
1 6558 16662
1 6564 16662
1 6565 16662
1 6566 16662
1 6568 16662
1 6571 16662
1 6573 16662
1 6579 16662
1 6581 16662
1 6584 16662
1 6587 16662
1 6595 16662
1 6600 16662
1 6603 16662
1 6604 16662
1 6608 16662
1 6612 16662
1 6613 16662
1 6617 16662
1 6622 16662
1 6628 16662
1 6633 16662
1 6636 16662
1 6641 16662
1 6643 16662
1 6644 16662
1 6647 16662
1 6655 16662
1 6656 16662
1 6657 16662
1 6668 16662
1 6672 16662
1 6703 16662
1 6710 16662
1 6726 16662
1 6730 16662
1 6744 16662
1 6746 16662
1 6748 16662
1 6752 16662
1 6756 16662
1 6759 16662
1 6765 16662
1 6768 16662
1 6775 16662
1 6782 16662
1 6799 16662
1 6800 16662
1 6801 16662
1 6805 16662
1 6811 16662
1 6818 16662
1 6820 16662
1 6823 16662
1 6825 16662
1 6826 16662
1 6829 16662
1 6840 16662
1 6842 16662
1 6854 16662
1 6856 16662
1 6862 16662
1 6863 16662
1 6880 16662
1 6883 16662
1 6888 16662
1 6896 16662
1 6903 16662
1 6911 16662
1 6913 16662
1 6916 16662
1 6924 16662
1 6925 16662
1 6927 16662
1 6929 16662
1 6948 16662
1 6953 16662
1 6963 16662
1 6969 16662
1 6989 16662
1 6993 16662
1 6995 16662
1 6997 16662
1 7000 16662
1 7004 16662
1 7016 16662
1 7023 16662
1 7028 16662
1 7035 16662
1 7037 16662
1 7044 16662
1 7046 16662
1 7047 16662
1 7050 16662
1 7053 16662
1 7061 16662
1 7067 16662
1 7068 16662
1 7074 16662
1 7076 16662
1 7083 16662
1 7090 16662
1 7093 16662
1 7096 16662
1 7101 16662
1 7103 16662
1 7107 16662
1 7114 16662
1 7118 16662
1 7128 16662
1 7134 16662
1 7138 16659
1 7140 16662
1 7141 16662
1 7142 16662
1 7146 16662
1 7148 16662
1 7153 16662
1 7157 16662
1 7159 16662
1 7161 16662
1 7165 16662
1 7173 16662
1 7180 16659
1 7180 16662
1 7181 16662
1 7187 16662
1 7192 16662
1 7197 16662
1 7210 16662
1 7218 16662
1 7219 16662
1 7220 16662
1 7234 16662
1 7235 16662
1 7241 16662
1 7242 16662
1 7245 16662
1 7246 16662
1 7247 16662
1 7252 16662
1 7257 16662
1 7258 16662
1 7263 16662
1 7273 16662
1 7275 16662
1 7284 16662
1 7288 16662
1 7290 16662
1 7312 16662
1 7313 16662
1 7316 16662
1 7328 16662
1 7341 16662
1 7342 16662
1 7345 16662
1 7349 16662
1 7350 16662
1 7353 16662
1 7357 16662
1 7359 16662
1 7360 16662
1 7367 16662
1 7371 16662
1 7378 16662
1 7380 16662
1 7382 16662
1 7402 16662
1 7405 16662
1 7417 16662
1 7418 16662
1 7422 16662
1 7426 16662
1 7428 16662
1 7429 16662
1 7436 16662
1 7437 16662
1 7438 16662
1 7441 16662
1 7445 16662
1 7446 16662
1 7460 16662
1 7465 16662
1 7468 16662
1 7476 16662
1 7477 16662
1 7481 16662
1 7491 16662
1 7500 16659
1 7501 16662
1 7507 16662
1 7510 16662
1 7514 16662
1 7520 16662
1 7522 16662
1 7523 16662
1 7527 16662
1 7530 16662
1 7533 16662
1 7538 16662
1 7539 16662
1 7543 16662
1 7544 16659
1 7544 16662
1 7550 16662
1 7551 16662
1 7555 16662
1 7556 16662
1 7569 16662
1 7580 16662
1 7589 16662
1 7590 16662
1 7595 16662
1 7601 16662
1 7602 16662
1 7603 16662
1 7611 16662
1 7615 16662
1 7616 16662
1 7631 16662
1 7633 16662
1 7635 16662
1 7640 16662
1 7643 16659
1 7665 16662
1 7674 16662
1 7676 16662
1 7689 16662
1 7690 16662
1 7693 16662
1 7697 16662
1 7700 16662
1 7703 16662
1 7705 16662
1 7714 16662
1 7715 16662
1 7720 16662
1 7725 16662
1 7726 16662
1 7731 16662
1 7733 16662
1 7734 16662
1 7742 16662
1 7743 16662
1 7746 16662
1 7750 16662
1 7751 16662
1 7758 16662
1 7770 16662
1 7773 16662
1 7780 16662
1 7786 16662
1 7792 16662
1 7799 16662
1 7800 16662
1 7802 16662
1 7805 16662
1 7809 16662
1 7828 16662
1 7834 16662
1 7835 16662
1 7838 16662
1 7839 16662
1 7849 16662
1 7853 16662
1 7857 16662
1 7858 16662
1 7863 16662
1 7864 16662
1 7875 16662
1 7877 16662
1 7878 16662
1 7885 16662
1 7896 16662
1 7900 16662
1 7910 16662
1 7917 16662
1 7925 16662
1 7927 16662
1 7967 16662
1 7970 16662
1 7990 16662
1 7996 16662
1 7998 16662
1 8004 16662
1 8005 16662
1 8008 16662
1 8014 16662
1 8023 16662
1 8038 16659
1 8038 16662
1 8039 16662
1 8042 16662
1 8044 16662
1 8045 16662
1 8049 16662
1 8053 16662
1 8060 16662
1 8062 16662
1 8066 16662
1 8070 16662
1 8072 16662
1 8082 16662
1 8087 16662
1 8088 16662
1 8103 16662
1 8107 16662
1 8123 16662
1 8135 16662
1 8148 16662
1 8153 16662
1 8157 16662
1 8191 16662
1 8196 16662
1 8200 16662
1 8201 16662
1 8206 16662
1 8207 16662
1 8215 16662
1 8217 16662
1 8228 16662
1 8229 16662
1 8234 16662
1 8238 16662
1 8255 16662
1 8256 16662
1 8257 16662
1 8268 16662
1 8274 16662
1 8280 16662
1 8301 16662
1 8310 16662
1 8316 16662
1 8319 16662
1 8335 16662
1 8338 16662
1 8340 16662
1 8343 16662
1 8345 16662
1 8350 16662
1 8355 16662
1 8374 16662
1 8377 16662
1 8378 16662
1 8383 16662
1 8393 16662
1 8402 16662
1 8406 16662
1 8410 16662
1 8413 16662
1 8414 16662
1 8415 16662
1 8418 16662
1 8425 16662
1 8426 16662
1 8440 16662
1 8445 16662
1 8446 16662
1 8448 16662
1 8450 16662
1 8464 16662
1 8468 16662
1 8470 16662
1 8482 16662
1 8486 16662
1 8489 16662
1 8491 16662
1 8502 16662
1 8504 16662
1 8506 16662
1 8512 16662
1 8521 16662
1 8522 16662
1 8524 16662
1 8536 16662
1 8540 16662
1 8544 16662
1 8545 16662
1 8551 16662
1 8556 16662
1 8566 16662
1 8568 16662
1 8571 16662
1 8573 16662
1 8575 16662
1 8581 16662
1 8587 16662
1 8594 16662
1 8599 16662
1 8610 16662
1 8621 16662
1 8622 16662
1 8631 16662
1 8640 16662
1 8648 16662
1 8651 16662
1 8667 16662
1 8674 16662
1 8679 16662
1 8682 16662
1 8693 16662
1 8700 16662
1 8704 16662
1 8708 16662
1 8715 16662
1 8719 16662
1 8728 16662
1 8730 16662
1 8734 16662
1 8742 16662
1 8751 16662
1 8753 16662
1 8759 16662
1 8762 16662
1 8765 16662
1 8768 16662
1 8770 16662
1 8773 16662
1 8774 16662
1 8776 16662
1 8792 16662
1 8796 16662
1 8800 16662
1 8806 16662
1 8813 16662
1 8814 16662
1 8829 16662
1 8830 16662
1 8835 16662
1 8842 16662
1 8844 16662
1 8846 16662
1 8850 16662
1 8856 16662
1 8866 16662
1 8867 16662
1 8869 16662
1 8873 16662
1 8874 16662
1 8876 16662
1 8881 16662
1 8883 16662
1 8886 16662
1 8895 16662
1 8900 16662
1 8901 16662
1 8905 16662
1 8906 16662
1 8907 16662
1 8912 16662
1 8925 16662
1 8943 16662
1 8944 16662
1 8947 16662
1 8950 16662
1 8951 16659
1 8951 16662
1 8952 16662
1 8955 16662
1 8956 16662
1 8958 16662
1 8973 16662
1 8980 16662
1 8984 16662
1 8985 16662
1 8989 16662
1 8993 16662
1 9005 16662
1 9025 16662
1 9026 16662
1 9027 16662
1 9029 16662
1 9038 16662
1 9039 16662
1 9040 16662
1 9041 16662
1 9042 16662
1 9046 16662
1 9048 16662
1 9054 16662
1 9058 16662
1 9063 16662
1 9064 16662
1 9066 16662
1 9073 16662
1 9084 16662
1 9092 16662
1 9100 16662
1 9102 16662
1 9105 16662
1 9107 16662
1 9112 16662
1 9113 16662
1 9115 16662
1 9117 16662
1 9119 16662
1 9120 16662
1 9132 16662
1 9134 16662
1 9137 16662
1 9139 16662
1 9147 16662
1 9150 16662
1 9152 16662
1 9153 16662
1 9160 16662
1 9162 16662
1 9165 16662
1 9174 16662
1 9178 16662
1 9180 16662
1 9182 16662
1 9186 16662
1 9187 16662
1 9188 16662
1 9197 16659
1 9199 16662
1 9202 16662
1 9219 16662
1 9223 16659
1 9224 16662
1 9228 16662
1 9233 16662
1 9235 16662
1 9242 16662
1 9244 16662
1 9247 16662
1 9250 16662
1 9256 16659
1 9256 16662
1 9263 16662
1 9268 16662
1 9270 16662
1 9272 16662
1 9280 16662
1 9284 16662
1 9292 16662
1 9297 16662
1 9301 16662
1 9321 16662
1 9322 16662
1 9324 16662
1 9334 16662
1 9347 16662
1 9348 16662
1 9349 16662
1 9357 16662
1 9360 16662
1 9375 16662
1 9381 16662
1 9384 16662
1 9387 16662
1 9394 16662
1 9400 16662
1 9401 16662
1 9402 16662
1 9414 16662
1 9416 16662
1 9418 16662
1 9430 16662
1 9433 16662
1 9451 16662
1 9454 16662
1 9455 16662
1 9459 16662
1 9462 16662
1 9476 16662
1 9488 16662
1 9494 16662
1 9497 16662
1 9498 16662
1 9500 16662
1 9502 16662
1 9504 16662
1 9514 16662
1 9523 16662
1 9529 16662
1 9532 16662
1 9539 16662
1 9546 16662
1 9549 16659
1 9549 16662
1 9555 16662
1 9561 16662
1 9564 16662
1 9572 16662
1 9573 16662
1 9574 16662
1 9575 16662
1 9578 16662
1 9584 16662
1 9596 16662
1 9613 16662
1 9617 16662
1 9619 16662
1 9620 16662
1 9623 16662
1 9627 16662
1 9636 16662
1 9637 16662
1 9640 16662
1 9642 16662
1 9643 16662
1 9645 16662
1 9654 16662
1 9659 16662
1 9662 16662
1 9663 16662
1 9665 16662
1 9669 16662
1 9683 16662
1 9692 16662
1 9699 16662
1 9702 16662
1 9707 16662
1 9710 16662
1 9713 16662
1 9722 16662
1 9725 16662
1 9726 16662
1 9730 16662
1 9735 16662
1 9739 16662
1 9747 16662
1 9750 16662
1 9751 16662
1 9755 16662
1 9765 16662
1 9767 16662
1 9771 16662
1 9773 16662
1 9775 16662
1 9776 16662
1 9778 16662
1 9779 16662
1 9789 16662
1 9793 16662
1 9797 16662
1 9805 16662
1 9812 16662
1 9814 16662
1 9817 16662
1 9819 16662
1 9822 16662
1 9828 16659
1 9828 16662
1 9832 16662
1 9864 16662
1 9867 16662
1 9868 16662
1 9872 16662
1 9875 16662
1 9889 16659
1 9895 16662
1 9900 16662
1 9906 16662
1 9908 16662
1 9913 16662
1 9917 16662
1 9924 16662
1 9932 16662
1 9934 16662
1 9936 16662
1 9938 16662
1 9940 16662
1 9943 16662
1 9949 16662
1 9954 16662
1 9964 16662
1 9966 16662
1 9976 16662
1 9977 16662
1 9982 16662
1 9986 16662
1 9992 16662
1 9994 16662
1 10001 16662
1 10006 16662
1 10008 16662
1 10009 16662
1 10035 16662
1 10040 16662
1 10051 16662
1 10052 16662
1 10059 16662
1 10076 16662
1 10077 16662
1 10082 16662
1 10087 16662
1 10094 16662
1 10099 16662
1 10106 16662
1 10108 16662
1 10114 16662
1 10120 16662
1 10131 16662
1 10133 16662
1 10134 16662
1 10148 16662
1 10153 16662
1 10156 16662
1 10160 16662
1 10165 16662
1 10179 16662
1 10182 16662
1 10183 16662
1 10206 16662
1 10207 16662
1 10216 16662
1 10217 16662
1 10227 16662
1 10234 16662
1 10238 16662
1 10247 16662
1 10253 16662
1 10260 16662
1 10264 16662
1 10269 16659
1 10271 16662
1 10291 16662
1 10295 16662
1 10321 16662
1 10325 16662
1 10331 16662
1 10334 16662
1 10337 16662
1 10352 16662
1 10361 16662
1 10367 16662
1 10375 16662
1 10376 16662
1 10377 16662
1 10380 16662
1 10383 16662
1 10385 16662
1 10386 16662
1 10387 16662
1 10399 16662
1 10402 16662
1 10409 16662
1 10426 16662
1 10429 16662
1 10430 16662
1 10438 16662
1 10442 16662
1 10451 16662
1 10462 16662
1 10464 16662
1 10471 16662
1 10477 16662
1 10480 16662
1 10481 16662
1 10486 16659
1 10486 16662
1 10488 16662
1 10495 16662
1 10496 16662
1 10499 16662
1 10509 16662
1 10513 16662
1 10516 16662
1 10524 16662
1 10527 16662
1 10528 16662
1 10531 16662
1 10532 16662
1 10536 16662
1 10542 16662
1 10544 16662
1 10557 16662
1 10558 16662
1 10562 16662
1 10567 16662
1 10580 16662
1 10587 16662
1 10589 16662
1 10591 16662
1 10593 16662
1 10597 16662
1 10598 16662
1 10602 16662
1 10610 16662
1 10611 16662
1 10621 16662
1 10623 16662
1 10630 16662
1 10633 16662
1 10643 16662
1 10655 16662
1 10657 16662
1 10658 16662
1 10660 16662
1 10671 16662
1 10672 16662
1 10676 16662
1 10683 16662
1 10685 16662
1 10686 16659
1 10692 16662
1 10702 16662
1 10710 16662
1 10721 16662
1 10725 16662
1 10731 16662
1 10740 16662
1 10748 16662
1 10749 16662
1 10750 16662
1 10751 16662
1 10755 16662
1 10760 16662
1 10772 16662
1 10773 16662
1 10776 16662
1 10784 16659
1 10784 16662
1 10785 16662
1 10786 16659
1 10794 16662
1 10795 16662
1 10806 16662
1 10810 16662
1 10819 16662
1 10824 16662
1 10827 16662
1 10830 16662
1 10834 16662
1 10837 16662
1 10842 16662
1 10845 16662
1 10852 16662
1 10860 16662
1 10866 16662
1 10868 16662
1 10875 16662
1 10878 16662
1 10880 16662
1 10885 16662
1 10891 16662
1 10898 16662
1 10899 16662
1 10903 16662
1 10915 16662
1 10917 16662
1 10928 16662
1 10939 16662
1 10945 16662
1 10946 16662
1 10951 16662
1 10956 16662
1 10961 16659
1 10961 16662
1 10964 16659
1 10972 16662
1 10978 16662
1 10984 16662
1 10987 16662
1 10997 16662
1 11004 16662
1 11013 16662
1 11015 16662
1 11018 16662
1 11022 16662
1 11026 16662
1 11028 16662
1 11032 16662
1 11035 16662
1 11039 16662
1 11044 16662
1 11071 16662
1 11084 16662
1 11086 16662
1 11096 16662
1 11099 16662
1 11100 16662
1 11104 16662
1 11113 16662
1 11119 16662
1 11120 16662
1 11122 16662
1 11131 16662
1 11135 16662
1 11138 16662
1 11144 16662
1 11151 16662
1 11159 16662
1 11160 16662
1 11162 16662
1 11166 16662
1 11168 16662
1 11174 16662
1 11178 16662
1 11181 16662
1 11190 16662
1 11192 16662
1 11207 16662
1 11211 16662
1 11213 16662
1 11214 16659
1 11215 16662
1 11216 16662
1 11219 16662
1 11222 16662
1 11230 16662
1 11237 16662
1 11243 16662
1 11248 16662
1 11249 16662
1 11251 16662
1 11271 16662
1 11272 16662
1 11280 16662
1 11287 16662
1 11294 16662
1 11300 16662
1 11301 16662
1 11303 16659
1 11303 16662
1 11308 16662
1 11326 16659
1 11329 16659
1 11329 16662
1 11338 16662
1 11342 16662
1 11361 16662
1 11373 16662
1 11378 16662
1 11379 16662
1 11384 16662
1 11388 16662
1 11393 16662
1 11402 16659
1 11402 16662
1 11415 16662
1 11418 16662
1 11429 16662
1 11434 16662
1 11452 16662
1 11457 16662
1 11458 16662
1 11475 16662
1 11483 16662
1 11492 16662
1 11516 16662
1 11522 16662
1 11524 16662
1 11543 16662
1 11548 16662
1 11550 16662
1 11563 16662
1 11564 16662
1 11567 16662
1 11585 16662
1 11590 16659
1 11594 16662
1 11605 16662
1 11606 16662
1 11622 16662
1 11623 16662
1 11625 16662
1 11630 16662
1 11636 16662
1 11643 16662
1 11648 16662
1 11664 16662
1 11669 16662
1 11672 16662
1 11675 16662
1 11686 16662
1 11691 16662
1 11699 16662
1 11701 16659
1 11706 16662
1 11709 16662
1 11710 16662
1 11717 16662
1 11720 16662
1 11725 16662
1 11726 16662
1 11732 16662
1 11742 16662
1 11745 16662
1 11752 16659
1 11755 16662
1 11757 16662
1 11769 16662
1 11771 16662
1 11776 16662
1 11780 16662
1 11784 16662
1 11791 16662
1 11797 16662
1 11815 16662
1 11822 16662
1 11841 16662
1 11842 16662
1 11859 16662
1 11867 16662
1 11868 16662
1 11869 16662
1 11879 16662
1 11880 16662
1 11887 16662
1 11893 16662
1 11902 16662
1 11904 16662
1 11905 16662
1 11911 16662
1 11916 16662
1 11919 16659
1 11932 16662
1 11934 16662
1 11936 16662
1 11950 16662
1 11955 16662
1 11959 16662
1 11973 16662
1 11976 16662
1 11981 16662
1 11982 16662
1 11993 16662
1 11994 16659
1 11994 16662
1 12007 16662
1 12009 16662
1 12010 16662
1 12024 16662
1 12046 16662
1 12051 16662
1 12053 16662
1 12055 16662
1 12065 16662
1 12074 16662
1 12076 16662
1 12079 16662
1 12090 16662
1 12091 16662
1 12103 16662
1 12111 16662
1 12116 16662
1 12120 16662
1 12121 16662
1 12123 16662
1 12124 16662
1 12125 16662
1 12133 16662
1 12139 16662
1 12142 16662
1 12148 16662
1 12154 16662
1 12156 16662
1 12171 16662
1 12182 16662
1 12184 16662
1 12187 16662
1 12191 16662
1 12206 16662
1 12208 16662
1 12210 16662
1 12211 16662
1 12219 16662
1 12230 16662
1 12231 16662
1 12233 16662
1 12241 16662
1 12242 16659
1 12242 16662
1 12246 16662
1 12248 16662
1 12250 16662
1 12259 16662
1 12267 16662
1 12270 16662
1 12274 16662
1 12276 16662
1 12277 16662
1 12288 16662
1 12304 16662
1 12305 16662
1 12309 16662
1 12315 16662
1 12325 16662
1 12328 16662
1 12329 16662
1 12337 16659
1 12348 16662
1 12371 16662
1 12381 16662
1 12391 16662
1 12393 16662
1 12396 16662
1 12397 16662
1 12398 16662
1 12400 16662
1 12401 16662
1 12402 16662
1 12406 16662
1 12409 16662
1 12424 16662
1 12430 16662
1 12431 16662
1 12435 16662
1 12436 16662
1 12443 16662
1 12466 16662
1 12482 16662
1 12491 16662
1 12495 16662
1 12500 16662
1 12503 16662
1 12518 16662
1 12522 16662
1 12528 16662
1 12529 16662
1 12530 16662
1 12539 16662
1 12549 16662
1 12566 16662
1 12567 16662
1 12577 16659
1 12577 16662
1 12585 16662
1 12595 16662
1 12599 16662
1 12602 16662
1 12603 16662
1 12605 16662
1 12607 16662
1 12613 16662
1 12617 16662
1 12626 16662
1 12638 16662
1 12642 16662
1 12649 16662
1 12657 16662
1 12672 16662
1 12673 16662
1 12676 16662
1 12679 16662
1 12684 16662
1 12688 16662
1 12706 16662
1 12726 16662
1 12733 16662
1 12736 16662
1 12750 16662
1 12754 16662
1 12759 16662
1 12763 16662
1 12766 16662
1 12767 16662
1 12777 16662
1 12788 16662
1 12793 16662
1 12821 16662
1 12825 16662
1 12826 16662
1 12828 16662
1 12836 16662
1 12845 16662
1 12870 16662
1 12872 16662
1 12879 16662
1 12885 16662
1 12897 16662
1 12902 16662
1 12922 16662
1 12923 16662
1 12930 16662
1 12934 16662
1 12936 16659
1 12936 16662
1 12937 16662
1 12951 16662
1 12955 16662
1 12978 16662
1 12993 16662
1 12994 16662
1 13005 16662
1 13012 16662
1 13019 16662
1 13020 16662
1 13021 16662
1 13036 16662
1 13057 16662
1 13066 16662
1 13077 16662
1 13081 16662
1 13096 16662
1 13098 16662
1 13106 16662
1 13108 16662
1 13109 16662
1 13110 16662
1 13111 16662
1 13117 16662
1 13124 16662
1 13128 16662
1 13131 16662
1 13134 16662
1 13136 16662
1 13138 16662
1 13141 16662
1 13142 16662
1 13146 16662
1 13158 16662
1 13161 16662
1 13163 16662
1 13169 16662
1 13184 16662
1 13186 16662
1 13196 16662
1 13197 16662
1 13205 16662
1 13216 16662
1 13226 16662
1 13229 16662
1 13244 16662
1 13248 16662
1 13255 16662
1 13267 16662
1 13270 16662
1 13275 16662
1 13276 16662
1 13277 16662
1 13283 16662
1 13285 16662
1 13289 16662
1 13290 16662
1 13292 16662
1 13294 16662
1 13311 16662
1 13331 16662
1 13337 16662
1 13341 16662
1 13343 16662
1 13351 16662
1 13356 16662
1 13366 16662
1 13375 16662
1 13376 16662
1 13380 16662
1 13385 16662
1 13386 16662
1 13389 16662
1 13401 16662
1 13410 16662
1 13416 16662
1 13435 16662
1 13462 16662
1 13465 16662
1 13471 16662
1 13487 16662
1 13489 16662
1 13490 16662
1 13497 16662
1 13499 16662
1 13509 16662
1 13510 16662
1 13515 16662
1 13532 16662
1 13537 16662
1 13542 16662
1 13555 16662
1 13557 16659
1 13557 16662
1 13563 16662
1 13565 16662
1 13575 16662
1 13582 16662
1 13597 16662
1 13599 16662
1 13619 16662
1 13622 16662
1 13638 16662
1 13672 16662
1 13680 16662
1 13686 16662
1 13692 16662
1 13693 16662
1 13708 16662
1 13709 16662
1 13725 16662
1 13726 16662
1 13736 16662
1 13741 16662
1 13744 16662
1 13749 16662
1 13755 16662
1 13760 16662
1 13781 16662
1 13787 16659
1 13788 16662
1 13790 16662
1 13807 16662
1 13808 16662
1 13820 16662
1 13824 16662
1 13830 16662
1 13841 16662
1 13842 16662
1 13874 16662
1 13876 16662
1 13885 16662
1 13893 16662
1 13895 16662
1 13896 16662
1 13899 16662
1 13907 16662
1 13909 16662
1 13910 16659
1 13919 16662
1 13920 16662
1 13926 16662
1 13932 16662
1 13934 16662
1 13946 16662
1 13948 16662
1 13952 16662
1 13963 16662
1 13983 16662
1 14001 16662
1 14007 16662
1 14022 16662
1 14025 16662
1 14026 16662
1 14027 16662
1 14045 16662
1 14052 16662
1 14054 16662
1 14062 16662
1 14063 16662
1 14079 16662
1 14093 16659
1 14094 16662
1 14096 16662
1 14100 16662
1 14103 16662
1 14118 16662
1 14125 16662
1 14129 16662
1 14135 16662
1 14153 16662
1 14167 16662
1 14171 16662
1 14186 16662
1 14193 16662
1 14206 16662
1 14220 16659
1 14227 16662
1 14234 16662
1 14262 16662
1 14264 16662
1 14276 16662
1 14291 16662
1 14294 16662
1 14296 16662
1 14300 16662
1 14308 16662
1 14311 16662
1 14329 16662
1 14336 16662
1 14342 16662
1 14349 16662
1 14355 16662
1 14374 16662
1 14382 16662
1 14388 16662
1 14390 16662
1 14394 16662
1 14399 16662
1 14400 16662
1 14401 16662
1 14406 16662
1 14409 16659
1 14415 16662
1 14468 16662
1 14474 16662
1 14475 16662
1 14480 16662
1 14526 16662
1 14533 16662
1 14558 16662
1 14566 16662
1 14574 16662
1 14576 16662
1 14592 16662
1 14595 16662
1 14608 16662
1 14616 16662
1 14624 16662
1 14636 16662
1 14642 16662
1 14660 16662
1 14671 16662
1 14678 16662
1 14686 16662
1 14692 16662
1 14707 16662
1 14728 16662
1 14744 16662
1 14751 16662
1 14767 16662
1 14773 16662
1 14776 16659
1 14778 16662
1 14783 16662
1 14810 16662
1 14811 16662
1 14812 16662
1 14828 16662
1 14834 16662
1 14847 16662
1 14848 16662
1 14850 16662
1 14876 16662
1 14880 16662
1 14883 16662
1 14888 16659
1 14890 16662
1 14898 16659
1 14900 16662
1 14916 16662
1 14932 16662
1 14935 16659
1 14935 16662
1 14941 16662
1 14947 16659
1 14948 16662
1 14953 16662
1 14959 16662
1 14962 16662
1 14980 16662
1 14983 16662
1 14987 16662
1 15016 16662
1 15020 16662
1 15024 16662
1 15027 16662
1 15049 16662
1 15051 16662
1 15055 16662
1 15067 16662
1 15070 16662
1 15091 16662
1 15095 16662
1 15104 16662
1 15109 16662
1 15110 16662
1 15122 16662
1 15146 16662
1 15153 16662
1 15166 16662
1 15171 16662
1 15188 16662
1 15197 16662
1 15212 16662
1 15215 16662
1 15223 16662
1 15231 16662
1 15235 16662
1 15245 16662
1 15262 16662
1 15267 16662
1 15271 16662
1 15275 16662
1 15277 16662
1 15279 16662
1 15280 16662
1 15285 16662
1 15293 16662
1 15297 16662
1 15300 16662
1 15301 16662
1 15312 16662
1 15315 16662
1 15330 16662
1 15346 16662
1 15348 16662
1 15349 16662
1 15353 16662
1 15356 16662
1 15390 16662
1 15397 16662
1 15407 16662
1 15411 16662
1 15416 16662
1 15427 16662
1 15437 16662
1 15438 16662
1 15444 16662
1 15448 16662
1 15466 16662
1 15469 16662
1 15478 16662
1 15487 16662
1 15495 16662
1 15497 16662
1 15499 16659
1 15513 16662
1 15516 16662
1 15538 16662
1 15552 16662
1 15566 16662
1 15573 16662
1 15596 16662
1 15604 16662
1 15622 16662
1 15623 16662
1 15639 16662
1 15645 16662
1 15646 16659
1 15646 16662
1 15651 16662
1 15653 16662
1 15669 16662
1 15681 16662
1 15689 16662
1 15697 16662
1 15711 16662
1 15712 16662
1 15724 16662
1 15725 16662
1 15732 16662
1 15743 16662
1 15786 16662
1 15788 16662
1 15797 16662
1 15798 16662
1 15800 16662
1 15806 16662
1 15813 16662
1 15844 16662
1 15868 16662
1 15876 16662
1 15895 16662
1 15897 16662
1 15909 16662
1 15911 16662
1 15914 16662
1 15922 16662
1 15937 16662
1 15958 16662
1 15966 16662
1 15981 16662
1 15987 16662
1 15990 16662
1 16004 16662
1 16007 16659
1 16007 16662
1 16042 16662
1 16059 16662
1 16071 16662
1 16091 16662
1 16102 16662
1 16109 16662
1 16115 16662
1 16121 16662
1 16130 16662
1 16139 16662
1 16145 16662
1 16163 16662
1 16168 16662
1 16180 16662
1 16188 16662
1 16200 16662
1 16205 16662
1 16206 16662
1 16214 16662
1 16250 16662
1 16266 16662
1 16268 16662
1 16297 16662
1 16305 16662
1 16364 16662
1 16409 16662
1 16567 16659
1 16596 16662
2 114 16642
2 127 16642
2 134 16642
2 136 16649
2 147 16642
2 148 16642
2 150 16649
2 153 16649
2 170 16642
2 178 16642
2 179 16642
2 192 16642
2 194 16649
2 195 16642
2 196 16653
2 212 16649
2 213 16642
2 214 16642
2 221 16649
2 225 16642
2 233 16645
2 237 16642
2 239 16642
2 253 16642
2 255 16642
2 258 16642
2 262 16645
2 266 16642
2 268 16649
2 270 16649
2 271 16651
2 282 16642
2 291 16642
2 302 16642
2 304 16649
2 308 16642
2 313 16652
2 315 16642
2 318 16642
2 321 16649
2 326 16642
2 330 16639
2 332 16649
2 335 16642
2 338 16649
2 343 16648
2 345 16642
2 348 16649
2 357 16642
2 365 16642
2 372 16642
2 380 16642
2 382 16649
2 386 16642
2 394 16642
2 404 16642
2 407 16649
2 417 16642
2 419 16647
2 422 16642
2 430 16642
2 441 16642
2 445 16649
2 447 16649
2 458 16642
2 468 16649
2 469 16649
2 471 16642
2 473 16647
2 478 16642
2 495 16649
2 511 16649
2 529 16645
2 530 16649
2 535 16642
2 548 16642
2 550 16642
2 551 16642
2 554 16642
2 564 16642
2 571 16649
2 574 16649
2 593 16649
2 595 16642
2 599 16642
2 603 16640
2 615 16649
2 617 16642
2 635 16642
2 636 16651
2 644 16649
2 645 16649
2 649 16642
2 658 16645
2 661 16642
2 664 16649
2 671 16649
2 677 16649
2 678 16642
2 680 16642
2 682 16642
2 689 16642
2 690 16642
2 695 16642
2 702 16642
2 709 16646
2 711 16649
2 712 16649
2 717 16642
2 725 16649
2 726 16642
2 738 16639
2 748 16649
2 757 16642
2 765 16642
2 769 16649
2 774 16642
2 777 16649
2 783 16642
2 784 16649
2 791 16649
2 795 16642
2 797 16649
2 802 16649
2 803 16642
2 808 16649
2 814 16642
2 818 16649
2 824 16642
2 827 16649
2 846 16642
2 855 16642
2 865 16649
2 866 16642
2 882 16633
2 883 16642
2 889 16649
2 892 16642
2 894 16649
2 896 16649
2 897 16642
2 900 16642
2 920 16642
2 926 16649
2 938 16649
2 944 16649
2 949 16649
2 952 16642
2 955 16649
2 956 16649
2 968 16642
2 969 16642
2 973 16642
2 975 16642
2 980 16649
2 982 16645
2 988 16654
2 994 16642
2 1002 16649
2 1007 16642
2 1008 16650
2 1009 16652
2 1011 16639
2 1020 16649
2 1028 16649
2 1031 16642
2 1043 16649
2 1055 16642
2 1056 16649
2 1060 16642
2 1063 16649
2 1065 16649
2 1071 16642
2 1082 16649
2 1089 16652
2 1093 16652
2 1100 16645
2 1102 16649
2 1104 16642
2 1105 16649
2 1108 16651
2 1109 16649
2 1117 16649
2 1119 16649
2 1122 16649
2 1123 16649
2 1139 16649
2 1143 16645
2 1148 16651
2 1156 16646
2 1158 16642
2 1171 16642
2 1176 16651
2 1177 16649
2 1195 16642
2 1198 16649
2 1200 16649
2 1205 16642
2 1207 16649
2 1209 16642
2 1212 16642
2 1229 16642
2 1241 16642
2 1255 16640
2 1260 16642
2 1262 16642
2 1265 16652
2 1274 16649
2 1276 16633
2 1277 16649
2 1281 16642
2 1286 16649
2 1288 16649
2 1289 16652
2 1297 16649
2 1298 16642
2 1304 16642
2 1309 16642
2 1319 16639
2 1321 16642
2 1329 16640
2 1332 16642
2 1334 16642
2 1337 16642
2 1344 16649
2 1347 16649
2 1348 16642
2 1349 16649
2 1350 16642
2 1352 16652
2 1353 16642
2 1357 16642
2 1358 16642
2 1359 16642
2 1365 16642
2 1366 16649
2 1372 16642
2 1380 16649
2 1381 16642
2 1383 16642
2 1398 16649
2 1403 16649
2 1416 16649
2 1417 16649
2 1421 16649
2 1427 16642
2 1428 16649
2 1430 16650
2 1432 16642
2 1435 16645
2 1437 16649
2 1442 16649
2 1444 16649
2 1445 16642
2 1449 16642
2 1461 16652
2 1467 16652
2 1468 16649
2 1472 16642
2 1474 16642
2 1475 16642
2 1481 16640
2 1486 16642
2 1489 16649
2 1492 16649
2 1497 16649
2 1499 16639
2 1502 16649
2 1503 16639
2 1505 16649
2 1513 16642
2 1521 16649
2 1524 16642
2 1528 16642
2 1530 16642
2 1534 16642
2 1536 16649
2 1547 16642
2 1550 16649
2 1551 16649
2 1560 16642
2 1561 16642
2 1564 16642
2 1568 16649
2 1570 16649
2 1587 16649
2 1588 16640
2 1593 16641
2 1597 16649
2 1598 16642
2 1603 16642
2 1606 16642
2 1620 16652
2 1621 16649
2 1622 16649
2 1623 16649
2 1632 16649
2 1638 16642
2 1639 16642
2 1652 16642
2 1659 16642
2 1660 16642
2 1661 16649
2 1671 16646
2 1687 16642
2 1700 16642
2 1707 16639
2 1708 16642
2 1710 16642
2 1722 16642
2 1738 16649
2 1745 16642
2 1750 16649
2 1753 16642
2 1758 16642
2 1759 16649
2 1772 16649
2 1777 16642
2 1788 16642
2 1790 16650
2 1791 16633
2 1799 16649
2 1806 16649
2 1811 16649
2 1815 16642
2 1818 16645
2 1819 16633
2 1828 16652
2 1831 16642
2 1832 16642
2 1846 16642
2 1861 16649
2 1863 16645
2 1865 16642
2 1869 16642
2 1870 16642
2 1875 16649
2 1884 16642
2 1901 16649
2 1902 16642
2 1903 16642
2 1904 16649
2 1905 16645
2 1908 16649
2 1916 16646
2 1917 16649
2 1919 16642
2 1926 16648
2 1934 16642
2 1936 16642
2 1938 16642
2 1940 16642
2 1945 16649
2 1949 16642
2 1954 16642
2 1960 16642
2 1961 16642
2 1967 16642
2 1977 16649
2 1991 16642
2 1994 16642
2 2002 16642
2 2005 16649
2 2012 16642
2 2014 16642
2 2025 16642
2 2026 16642
2 2036 16642
2 2037 16650
2 2058 16642
2 2063 16649
2 2065 16649
2 2066 16642
2 2070 16649
2 2071 16649
2 2082 16642
2 2098 16642
2 2101 16642
2 2103 16649
2 2112 16642
2 2129 16639
2 2134 16642
2 2136 16649
2 2142 16642
2 2146 16642
2 2159 16642
2 2165 16649
2 2172 16645
2 2176 16649
2 2177 16649
2 2187 16649
2 2189 16649
2 2192 16649
2 2198 16649
2 2204 16642
2 2207 16642
2 2217 16649
2 2218 16649
2 2222 16642
2 2225 16649
2 2229 16642
2 2237 16642
2 2258 16642
2 2270 16642
2 2279 16645
2 2280 16642
2 2283 16642
2 2293 16642
2 2300 16642
2 2302 16650
2 2310 16633
2 2313 16649
2 2316 16642
2 2317 16649
2 2321 16642
2 2325 16649
2 2335 16649
2 2336 16642
2 2338 16642
2 2340 16649
2 2341 16642
2 2344 16642
2 2349 16649
2 2352 16649
2 2356 16642
2 2369 16649
2 2376 16642
2 2377 16642
2 2395 16649
2 2399 16649
2 2405 16642
2 2413 16639
2 2419 16649
2 2423 16642
2 2424 16649
2 2428 16642
2 2431 16642
2 2434 16642
2 2442 16652
2 2443 16642
2 2449 16642
2 2451 16648
2 2458 16649
2 2459 16642
2 2463 16642
2 2471 16642
2 2476 16642
2 2480 16642
2 2487 16633
2 2489 16649
2 2492 16642
2 2496 16642
2 2499 16649
2 2502 16649
2 2508 16651
2 2512 16645
2 2514 16642
2 2523 16649
2 2531 16642
2 2540 16642
2 2541 16633
2 2547 16642
2 2564 16649
2 2577 16633
2 2595 16642
2 2598 16649
2 2609 16642
2 2610 16642
2 2616 16645
2 2618 16639
2 2619 16649
2 2624 16649
2 2626 16642
2 2629 16649
2 2631 16642
2 2640 16649
2 2641 16642
2 2642 16649
2 2643 16649
2 2651 16649
2 2652 16642
2 2653 16642
2 2662 16649
2 2677 16642
2 2678 16646
2 2683 16642
2 2688 16642
2 2694 16642
2 2696 16642
2 2701 16642
2 2701 16649
2 2704 16649
2 2710 16649
2 2711 16649
2 2715 16642
2 2720 16649
2 2722 16642
2 2730 16642
2 2732 16651
2 2736 16649
2 2738 16642
2 2743 16649
2 2745 16649
2 2747 16639
2 2754 16642
2 2771 16649
2 2788 16639
2 2791 16642
2 2801 16642
2 2803 16642
2 2810 16649
2 2818 16642
2 2820 16649
2 2824 16649
2 2828 16642
2 2836 16645
2 2857 16642
2 2860 16649
2 2870 16642
2 2871 16651
2 2872 16649
2 2883 16645
2 2884 16642
2 2888 16633
2 2894 16649
2 2899 16642
2 2902 16642
2 2906 16649
2 2908 16642
2 2909 16642
2 2917 16649
2 2920 16649
2 2922 16645
2 2923 16633
2 2924 16649
2 2934 16642
2 2935 16652
2 2936 16642
2 2938 16642
2 2942 16649
2 2945 16642
2 2962 16645
2 2965 16649
2 2966 16652
2 2977 16649
2 2982 16642
2 2983 16642
2 2984 16649
2 3037 16642
2 3047 16642
2 3054 16649
2 3058 16642
2 3070 16649
2 3073 16649
2 3075 16633
2 3082 16642
2 3086 16649
2 3097 16642
2 3098 16649
2 3099 16649
2 3101 16642
2 3113 16642
2 3115 16649
2 3116 16642
2 3123 16649
2 3130 16649
2 3135 16649
2 3136 16649
2 3140 16642
2 3156 16649
2 3162 16642
2 3163 16642
2 3164 16649
2 3167 16642
2 3169 16652
2 3171 16642
2 3174 16642
2 3179 16649
2 3181 16649
2 3183 16649
2 3187 16651
2 3191 16642
2 3192 16642
2 3194 16642
2 3195 16648
2 3199 16642
2 3215 16642
2 3218 16649
2 3224 16649
2 3231 16642
2 3237 16642
2 3238 16642
2 3239 16642
2 3256 16649
2 3257 16642
2 3267 16642
2 3273 16649
2 3275 16642
2 3281 16642
2 3282 16645
2 3294 16649
2 3295 16649
2 3296 16642
2 3310 16642
2 3319 16642
2 3320 16642
2 3324 16649
2 3331 16642
2 3342 16633
2 3351 16642
2 3352 16642
2 3353 16642
2 3355 16642
2 3377 16633
2 3380 16642
2 3389 16649
2 3391 16649
2 3394 16649
2 3398 16642
2 3399 16642
2 3400 16649
2 3402 16649
2 3406 16649
2 3420 16642
2 3421 16642
2 3431 16642
2 3434 16649
2 3438 16642
2 3445 16645
2 3446 16651
2 3466 16652
2 3471 16649
2 3476 16649
2 3480 16642
2 3482 16642
2 3491 16646
2 3511 16642
2 3513 16649
2 3517 16642
2 3518 16642
2 3520 16642
2 3521 16642
2 3522 16642
2 3532 16649
2 3534 16642
2 3540 16642
2 3552 16650
2 3556 16649
2 3558 16642
2 3560 16648
2 3573 16652
2 3576 16642
2 3577 16652
2 3578 16639
2 3582 16649
2 3583 16642
2 3586 16652
2 3587 16652
2 3588 16642
2 3590 16642
2 3591 16642
2 3592 16642
2 3597 16642
2 3602 16642
2 3608 16649
2 3617 16645
2 3631 16648
2 3633 16642
2 3644 16649
2 3645 16642
2 3653 16647
2 3662 16640
2 3666 16642
2 3667 16642
2 3668 16633
2 3670 16642
2 3672 16633
2 3675 16633
2 3682 16649
2 3684 16642
2 3688 16642
2 3690 16649
2 3691 16642
2 3695 16649
2 3698 16642
2 3700 16642
2 3710 16651
2 3717 16649
2 3718 16645
2 3720 16642
2 3730 16651
2 3738 16642
2 3741 16652
2 3743 16633
2 3748 16642
2 3757 16642
2 3772 16642
2 3773 16642
2 3786 16649
2 3796 16642
2 3803 16642
2 3807 16642
2 3810 16642
2 3814 16649
2 3821 16649
2 3823 16649
2 3824 16640
2 3829 16633
2 3842 16649
2 3847 16649
2 3851 16650
2 3854 16642
2 3855 16649
2 3865 16649
2 3877 16642
2 3882 16645
2 3884 16642
2 3890 16642
2 3895 16642
2 3896 16642
2 3897 16648
2 3898 16649
2 3901 16642
2 3904 16642
2 3907 16642
2 3908 16642
2 3912 16649
2 3916 16648
2 3919 16649
2 3923 16642
2 3941 16642
2 3957 16649
2 3960 16649
2 3964 16642
2 3966 16649
2 3974 16649
2 3978 16642
2 3980 16649
2 3986 16649
2 3989 16646
2 3997 16651
2 4000 16642
2 4007 16645
2 4016 16649
2 4020 16649
2 4035 16642
2 4036 16642
2 4047 16642
2 4059 16642
2 4066 16649
2 4070 16642
2 4072 16642
2 4078 16648
2 4080 16642
2 4081 16642
2 4083 16642
2 4084 16649
2 4086 16642
2 4091 16652
2 4092 16642
2 4094 16649
2 4096 16649
2 4107 16645
2 4112 16642
2 4115 16642
2 4117 16642
2 4126 16645
2 4131 16642
2 4141 16649
2 4142 16648
2 4149 16642
2 4151 16649
2 4157 16642
2 4162 16642
2 4163 16645
2 4166 16645
2 4175 16649
2 4180 16649
2 4187 16649
2 4192 16642
2 4193 16642
2 4197 16642
2 4201 16649
2 4204 16642
2 4208 16642
2 4213 16642
2 4218 16642
2 4219 16642
2 4223 16649
2 4224 16639
2 4231 16649
2 4233 16642
2 4236 16642
2 4239 16642
2 4256 16642
2 4261 16649
2 4276 16639
2 4283 16642
2 4287 16642
2 4292 16633
2 4302 16649
2 4306 16642
2 4312 16649
2 4330 16652
2 4334 16642
2 4336 16642
2 4337 16649
2 4344 16646
2 4345 16650
2 4354 16642
2 4360 16642
2 4361 16645
2 4362 16642
2 4363 16649
2 4381 16646
2 4383 16642
2 4386 16642
2 4387 16642
2 4390 16642
2 4391 16648
2 4395 16649
2 4397 16642
2 4401 16642
2 4405 16645
2 4418 16645
2 4422 16642
2 4427 16645
2 4430 16642
2 4432 16642
2 4443 16649
2 4453 16650
2 4454 16652
2 4457 16645
2 4459 16649
2 4462 16642
2 4465 16649
2 4467 16649
2 4473 16649
2 4476 16642
2 4478 16649
2 4490 16633
2 4492 16649
2 4501 16649
2 4504 16642
2 4506 16649
2 4513 16642
2 4515 16649
2 4528 16642
2 4536 16642
2 4552 16642
2 4564 16639
2 4565 16642
2 4571 16648
2 4573 16640
2 4576 16642
2 4580 16642
2 4581 16649
2 4582 16642
2 4584 16650
2 4587 16642
2 4589 16639
2 4603 16640
2 4605 16642
2 4609 16642
2 4615 16642
2 4618 16649
2 4630 16642
2 4640 16642
2 4649 16651
2 4650 16642
2 4654 16652
2 4657 16645
2 4662 16648
2 4663 16642
2 4672 16649
2 4673 16642
2 4684 16649
2 4707 16648
2 4723 16642
2 4724 16649
2 4733 16642
2 4735 16652
2 4738 16649
2 4744 16642
2 4756 16642
2 4758 16642
2 4762 16649
2 4763 16639
2 4774 16642
2 4785 16649
2 4790 16642
2 4804 16642
2 4816 16633
2 4826 16649
2 4829 16652
2 4833 16642
2 4836 16642
2 4843 16642
2 4853 16642
2 4862 16649
2 4873 16649
2 4876 16642
2 4884 16649
2 4885 16648
2 4891 16642
2 4902 16642
2 4905 16642
2 4913 16642
2 4915 16649
2 4926 16649
2 4929 16642
2 4932 16649
2 4957 16639
2 4963 16649
2 4964 16649
2 4967 16649
2 4978 16642
2 4981 16640
2 4983 16642
2 4986 16642
2 4989 16642
2 4993 16645
2 5005 16642
2 5006 16642
2 5008 16642
2 5012 16642
2 5020 16642
2 5042 16648
2 5047 16642
2 5055 16645
2 5067 16642
2 5069 16642
2 5089 16633
2 5092 16642
2 5103 16649
2 5105 16642
2 5112 16642
2 5123 16640
2 5133 16648
2 5136 16642
2 5139 16649
2 5145 16642
2 5149 16642
2 5154 16649
2 5155 16639
2 5157 16642
2 5167 16642
2 5170 16649
2 5171 16642
2 5174 16642
2 5183 16642
2 5191 16642
2 5192 16650
2 5202 16649
2 5207 16642
2 5215 16642
2 5218 16642
2 5221 16645
2 5232 16642
2 5233 16649
2 5238 16645
2 5245 16650
2 5248 16642
2 5253 16642
2 5256 16642
2 5257 16650
2 5258 16645
2 5259 16649
2 5262 16649
2 5264 16642
2 5268 16645
2 5269 16649
2 5270 16649
2 5274 16642
2 5277 16642
2 5287 16645
2 5291 16649
2 5296 16642
2 5299 16633
2 5302 16642
2 5314 16649
2 5316 16642
2 5327 16649
2 5335 16648
2 5337 16649
2 5347 16642
2 5347 16649
2 5356 16640
2 5357 16642
2 5362 16642
2 5363 16642
2 5365 16649
2 5370 16642
2 5379 16633
2 5389 16642
2 5392 16642
2 5395 16649
2 5400 16649
2 5405 16642
2 5419 16639
2 5421 16645
2 5422 16649
2 5428 16642
2 5431 16649
2 5432 16645
2 5436 16649
2 5438 16633
2 5439 16650
2 5443 16642
2 5463 16642
2 5473 16645
2 5483 16642
2 5485 16645
2 5495 16649
2 5506 16649
2 5510 16642
2 5512 16642
2 5518 16649
2 5524 16642
2 5529 16649
2 5531 16652
2 5532 16650
2 5533 16649
2 5534 16642
2 5539 16642
2 5547 16633
2 5550 16642
2 5558 16642
2 5561 16649
2 5563 16649
2 5567 16649
2 5579 16642
2 5580 16642
2 5586 16642
2 5588 16642
2 5593 16648
2 5600 16649
2 5613 16642
2 5620 16642
2 5626 16649
2 5628 16649
2 5629 16649
2 5632 16639
2 5633 16642
2 5634 16639
2 5641 16633
2 5642 16642
2 5643 16642
2 5647 16649
2 5650 16649
2 5651 16649
2 5652 16642
2 5653 16642
2 5656 16645
2 5658 16642
2 5664 16649
2 5670 16649
2 5672 16645
2 5680 16642
2 5681 16642
2 5682 16649
2 5692 16642
2 5698 16650
2 5699 16642
2 5700 16646
2 5703 16649
2 5712 16649
2 5714 16651
2 5720 16642
2 5723 16649
2 5726 16652
2 5727 16640
2 5730 16640
2 5744 16649
2 5750 16642
2 5753 16642
2 5768 16642
2 5775 16642
2 5778 16642
2 5789 16645
2 5791 16642
2 5813 16649
2 5815 16649
2 5817 16642
2 5821 16650
2 5828 16649
2 5836 16642
2 5844 16642
2 5855 16633
2 5859 16642
2 5862 16642
2 5872 16642
2 5873 16649
2 5876 16649
2 5883 16642
2 5887 16649
2 5890 16642
2 5892 16645
2 5894 16649
2 5895 16640
2 5900 16642
2 5905 16642
2 5906 16642
2 5916 16649
2 5925 16649
2 5927 16640
2 5928 16652
2 5930 16650
2 5937 16642
2 5938 16642
2 5947 16649
2 5948 16642
2 5951 16649
2 5953 16642
2 5957 16649
2 5962 16642
2 5969 16642
2 5977 16642
2 5986 16642
2 5987 16649
2 5990 16647
2 5996 16649
2 5997 16642
2 6001 16649
2 6008 16649
2 6012 16642
2 6020 16642
2 6023 16642
2 6024 16642
2 6026 16649
2 6044 16642
2 6051 16642
2 6052 16642
2 6057 16639
2 6058 16642
2 6063 16649
2 6067 16642
2 6071 16645
2 6072 16642
2 6077 16652
2 6080 16649
2 6084 16642
2 6089 16633
2 6092 16633
2 6093 16652
2 6095 16649
2 6099 16642
2 6104 16642
2 6105 16649
2 6112 16648
2 6123 16649
2 6130 16645
2 6133 16649
2 6137 16642
2 6139 16640
2 6143 16642
2 6154 16649
2 6171 16649
2 6173 16642
2 6175 16642
2 6182 16649
2 6183 16649
2 6186 16639
2 6189 16650
2 6191 16639
2 6194 16649
2 6196 16649
2 6209 16642
2 6216 16642
2 6223 16649
2 6226 16642
2 6230 16642
2 6231 16642
2 6238 16642
2 6248 16649
2 6251 16642
2 6255 16649
2 6262 16649
2 6280 16649
2 6281 16642
2 6282 16642
2 6286 16642
2 6293 16649
2 6307 16642
2 6323 16649
2 6324 16642
2 6328 16639
2 6331 16649
2 6336 16649
2 6338 16642
2 6347 16642
2 6357 16649
2 6358 16649
2 6361 16642
2 6372 16645
2 6380 16642
2 6388 16649
2 6398 16642
2 6400 16649
2 6403 16642
2 6404 16642
2 6419 16642
2 6421 16639
2 6423 16642
2 6427 16652
2 6428 16649
2 6430 16649
2 6435 16649
2 6437 16649
2 6447 16649
2 6448 16642
2 6453 16649
2 6454 16649
2 6457 16642
2 6466 16649
2 6472 16649
2 6487 16639
2 6496 16642
2 6498 16642
2 6500 16642
2 6502 16649
2 6507 16642
2 6522 16642
2 6523 16642
2 6537 16649
2 6554 16642
2 6558 16649
2 6564 16642
2 6565 16642
2 6566 16642
2 6568 16642
2 6571 16646
2 6573 16640
2 6579 16649
2 6581 16649
2 6584 16649
2 6587 16649
2 6595 16642
2 6600 16642
2 6603 16649
2 6604 16649
2 6608 16642
2 6612 16649
2 6613 16649
2 6617 16642
2 6622 16649
2 6628 16642
2 6633 16649
2 6636 16652
2 6641 16642
2 6643 16642
2 6644 16642
2 6647 16642
2 6655 16649
2 6656 16642
2 6657 16642
2 6668 16649
2 6672 16642
2 6703 16649
2 6710 16652
2 6726 16642
2 6730 16652
2 6744 16642
2 6746 16649
2 6748 16642
2 6752 16649
2 6756 16650
2 6759 16642
2 6765 16642
2 6768 16642
2 6775 16649
2 6782 16642
2 6799 16646
2 6800 16649
2 6801 16650
2 6805 16642
2 6811 16642
2 6818 16650
2 6820 16649
2 6823 16639
2 6825 16642
2 6826 16642
2 6829 16649
2 6840 16645
2 6842 16650
2 6854 16649
2 6856 16642
2 6862 16642
2 6863 16649
2 6880 16642
2 6883 16642
2 6888 16642
2 6896 16648
2 6903 16642
2 6911 16650
2 6913 16649
2 6916 16649
2 6924 16649
2 6925 16639
2 6927 16649
2 6929 16649
2 6948 16646
2 6953 16642
2 6963 16645
2 6969 16650
2 6989 16642
2 6993 16639
2 6995 16649
2 6997 16649
2 7000 16642
2 7004 16649
2 7016 16646
2 7023 16642
2 7028 16649
2 7035 16650
2 7037 16642
2 7044 16650
2 7046 16649
2 7047 16645
2 7050 16649
2 7053 16645
2 7061 16649
2 7067 16649
2 7068 16642
2 7074 16642
2 7076 16642
2 7083 16642
2 7090 16649
2 7093 16642
2 7096 16642
2 7101 16645
2 7103 16649
2 7107 16642
2 7114 16649
2 7118 16649
2 7128 16642
2 7134 16649
2 7138 16649
2 7140 16649
2 7141 16650
2 7142 16642
2 7146 16642
2 7148 16649
2 7153 16649
2 7157 16650
2 7159 16649
2 7161 16652
2 7165 16642
2 7173 16652
2 7180 16638
2 7181 16649
2 7187 16649
2 7192 16642
2 7197 16642
2 7210 16642
2 7218 16642
2 7219 16649
2 7220 16649
2 7234 16642
2 7235 16649
2 7241 16642
2 7242 16649
2 7245 16642
2 7246 16649
2 7247 16649
2 7252 16649
2 7257 16650
2 7258 16649
2 7263 16649
2 7273 16642
2 7275 16649
2 7284 16642
2 7288 16649
2 7290 16642
2 7312 16649
2 7313 16642
2 7316 16649
2 7328 16653
2 7341 16649
2 7342 16642
2 7345 16642
2 7349 16649
2 7350 16642
2 7353 16649
2 7357 16649
2 7359 16652
2 7360 16642
2 7367 16649
2 7371 16642
2 7378 16642
2 7380 16642
2 7382 16649
2 7402 16642
2 7405 16642
2 7417 16649
2 7418 16649
2 7422 16642
2 7426 16642
2 7428 16633
2 7429 16649
2 7436 16642
2 7437 16649
2 7438 16649
2 7441 16642
2 7445 16642
2 7446 16652
2 7460 16648
2 7465 16645
2 7468 16649
2 7476 16642
2 7477 16642
2 7481 16642
2 7491 16649
2 7500 16642
2 7501 16648
2 7507 16649
2 7510 16649
2 7514 16649
2 7520 16633
2 7522 16642
2 7523 16642
2 7527 16642
2 7530 16649
2 7533 16642
2 7538 16639
2 7539 16649
2 7543 16649
2 7544 16642
2 7550 16650
2 7551 16642
2 7555 16654
2 7556 16649
2 7569 16642
2 7580 16642
2 7589 16649
2 7590 16649
2 7595 16642
2 7601 16649
2 7602 16649
2 7603 16649
2 7611 16650
2 7615 16642
2 7616 16642
2 7631 16649
2 7633 16640
2 7635 16649
2 7640 16642
2 7643 16649
2 7665 16649
2 7674 16649
2 7676 16649
2 7689 16649
2 7690 16649
2 7693 16642
2 7697 16649
2 7700 16649
2 7703 16642
2 7705 16642
2 7714 16648
2 7715 16642
2 7720 16642
2 7725 16649
2 7726 16642
2 7731 16649
2 7733 16649
2 7734 16651
2 7742 16648
2 7743 16650
2 7746 16649
2 7750 16649
2 7751 16639
2 7758 16642
2 7770 16649
2 7773 16649
2 7780 16649
2 7786 16649
2 7792 16649
2 7799 16642
2 7800 16640
2 7802 16642
2 7805 16649
2 7809 16642
2 7828 16642
2 7834 16642
2 7835 16642
2 7838 16639
2 7839 16649
2 7849 16642
2 7853 16652
2 7857 16642
2 7858 16642
2 7863 16652
2 7864 16642
2 7875 16642
2 7877 16642
2 7878 16642
2 7885 16649
2 7896 16640
2 7900 16649
2 7910 16642
2 7917 16642
2 7925 16642
2 7927 16642
2 7967 16649
2 7970 16649
2 7990 16642
2 7996 16649
2 7998 16649
2 8004 16642
2 8005 16642
2 8008 16642
2 8014 16648
2 8023 16642
2 8038 16642
2 8039 16642
2 8042 16642
2 8044 16649
2 8045 16642
2 8049 16649
2 8053 16645
2 8060 16639
2 8062 16642
2 8066 16649
2 8070 16642
2 8072 16648
2 8082 16642
2 8087 16642
2 8088 16642
2 8103 16642
2 8107 16649
2 8123 16642
2 8135 16649
2 8148 16649
2 8153 16648
2 8157 16642
2 8191 16649
2 8196 16642
2 8200 16648
2 8201 16649
2 8206 16649
2 8207 16642
2 8215 16649
2 8217 16649
2 8228 16642
2 8229 16649
2 8234 16642
2 8238 16649
2 8255 16642
2 8256 16649
2 8257 16645
2 8268 16649
2 8274 16642
2 8280 16639
2 8301 16642
2 8310 16648
2 8316 16642
2 8319 16645
2 8335 16649
2 8338 16649
2 8340 16649
2 8343 16642
2 8345 16642
2 8350 16642
2 8355 16649
2 8374 16649
2 8377 16642
2 8378 16649
2 8383 16649
2 8393 16642
2 8402 16642
2 8406 16642
2 8410 16642
2 8413 16642
2 8414 16648
2 8415 16642
2 8418 16649
2 8425 16642
2 8426 16642
2 8440 16642
2 8445 16642
2 8446 16649
2 8448 16642
2 8450 16642
2 8464 16642
2 8468 16650
2 8470 16649
2 8482 16649
2 8486 16642
2 8489 16642
2 8491 16649
2 8502 16642
2 8504 16649
2 8506 16649
2 8512 16649
2 8521 16642
2 8522 16642
2 8524 16649
2 8536 16649
2 8540 16649
2 8544 16649
2 8545 16642
2 8551 16642
2 8556 16649
2 8566 16652
2 8568 16642
2 8571 16642
2 8573 16649
2 8575 16649
2 8581 16642
2 8587 16642
2 8594 16645
2 8599 16642
2 8610 16645
2 8621 16642
2 8622 16645
2 8631 16642
2 8640 16649
2 8648 16642
2 8651 16642
2 8667 16649
2 8674 16648
2 8679 16649
2 8682 16648
2 8693 16648
2 8700 16642
2 8704 16642
2 8708 16649
2 8715 16650
2 8719 16649
2 8728 16642
2 8730 16642
2 8734 16642
2 8742 16650
2 8751 16649
2 8753 16642
2 8759 16652
2 8762 16650
2 8765 16642
2 8768 16642
2 8770 16649
2 8773 16642
2 8774 16642
2 8776 16642
2 8792 16649
2 8796 16649
2 8800 16652
2 8806 16642
2 8813 16649
2 8814 16649
2 8829 16649
2 8830 16645
2 8835 16652
2 8842 16649
2 8844 16642
2 8846 16649
2 8850 16642
2 8856 16649
2 8866 16649
2 8867 16642
2 8869 16642
2 8873 16649
2 8874 16642
2 8876 16649
2 8881 16649
2 8883 16642
2 8886 16642
2 8895 16640
2 8900 16642
2 8901 16642
2 8905 16642
2 8906 16642
2 8907 16645
2 8912 16642
2 8925 16650
2 8943 16649
2 8944 16642
2 8947 16645
2 8950 16642
2 8951 16642
2 8952 16645
2 8955 16642
2 8956 16642
2 8958 16645
2 8973 16648
2 8980 16642
2 8984 16649
2 8985 16640
2 8989 16649
2 8993 16642
2 9005 16642
2 9025 16642
2 9026 16642
2 9027 16642
2 9029 16649
2 9038 16649
2 9039 16650
2 9040 16639
2 9041 16642
2 9042 16649
2 9046 16633
2 9048 16642
2 9054 16642
2 9058 16640
2 9063 16649
2 9064 16642
2 9066 16642
2 9073 16642
2 9084 16637
2 9092 16650
2 9100 16642
2 9102 16649
2 9105 16649
2 9107 16642
2 9112 16652
2 9113 16650
2 9115 16649
2 9117 16649
2 9119 16642
2 9120 16649
2 9132 16642
2 9134 16649
2 9137 16650
2 9139 16652
2 9147 16642
2 9150 16642
2 9152 16649
2 9153 16649
2 9160 16642
2 9162 16642
2 9165 16642
2 9174 16649
2 9178 16642
2 9180 16649
2 9182 16642
2 9186 16639
2 9187 16648
2 9188 16649
2 9197 16642
2 9199 16642
2 9202 16649
2 9219 16650
2 9223 16642
2 9224 16649
2 9228 16654
2 9233 16649
2 9235 16649
2 9242 16649
2 9244 16642
2 9247 16649
2 9250 16649
2 9256 16649
2 9263 16633
2 9268 16652
2 9270 16642
2 9272 16642
2 9280 16649
2 9284 16639
2 9292 16649
2 9297 16642
2 9301 16649
2 9321 16640
2 9322 16642
2 9324 16640
2 9334 16649
2 9347 16642
2 9348 16642
2 9349 16649
2 9357 16649
2 9360 16642
2 9375 16642
2 9381 16642
2 9384 16649
2 9387 16642
2 9394 16649
2 9400 16648
2 9401 16639
2 9402 16649
2 9414 16642
2 9416 16642
2 9418 16642
2 9430 16649
2 9433 16642
2 9451 16649
2 9454 16642
2 9455 16649
2 9459 16649
2 9462 16642
2 9476 16642
2 9488 16642
2 9494 16642
2 9497 16649
2 9498 16649
2 9500 16642
2 9502 16642
2 9504 16645
2 9514 16642
2 9523 16649
2 9529 16642
2 9532 16649
2 9539 16649
2 9546 16649
2 9549 16649
2 9555 16642
2 9561 16642
2 9564 16642
2 9572 16642
2 9573 16649
2 9574 16642
2 9575 16649
2 9578 16642
2 9584 16642
2 9596 16649
2 9613 16649
2 9617 16639
2 9619 16642
2 9620 16649
2 9623 16649
2 9627 16642
2 9636 16642
2 9637 16639
2 9640 16642
2 9642 16649
2 9643 16642
2 9645 16649
2 9654 16652
2 9659 16650
2 9662 16642
2 9663 16642
2 9665 16642
2 9669 16649
2 9683 16650
2 9692 16642
2 9699 16646
2 9702 16648
2 9707 16652
2 9710 16649
2 9713 16649
2 9722 16650
2 9725 16642
2 9726 16649
2 9730 16649
2 9735 16649
2 9739 16649
2 9747 16642
2 9750 16650
2 9751 16642
2 9755 16642
2 9765 16640
2 9767 16642
2 9771 16649
2 9773 16652
2 9775 16650
2 9776 16650
2 9778 16645
2 9779 16649
2 9789 16649
2 9793 16642
2 9797 16642
2 9805 16648
2 9812 16642
2 9814 16642
2 9817 16642
2 9819 16639
2 9822 16633
2 9828 16642
2 9832 16642
2 9864 16642
2 9867 16642
2 9868 16649
2 9872 16649
2 9875 16649
2 9889 16639
2 9895 16652
2 9900 16649
2 9906 16649
2 9908 16652
2 9913 16642
2 9917 16642
2 9924 16642
2 9932 16642
2 9934 16650
2 9936 16648
2 9938 16649
2 9940 16642
2 9943 16642
2 9949 16642
2 9954 16633
2 9964 16649
2 9966 16642
2 9976 16642
2 9977 16642
2 9982 16646
2 9986 16642
2 9992 16642
2 9994 16642
2 10001 16642
2 10006 16645
2 10008 16642
2 10009 16642
2 10035 16642
2 10040 16642
2 10051 16642
2 10052 16642
2 10059 16642
2 10076 16642
2 10077 16645
2 10082 16649
2 10087 16642
2 10094 16649
2 10099 16642
2 10106 16642
2 10108 16649
2 10114 16642
2 10120 16649
2 10131 16650
2 10133 16645
2 10134 16642
2 10148 16649
2 10153 16642
2 10156 16650
2 10160 16650
2 10165 16649
2 10179 16650
2 10182 16642
2 10183 16649
2 10206 16649
2 10207 16642
2 10216 16642
2 10217 16642
2 10227 16642
2 10234 16650
2 10238 16649
2 10247 16642
2 10253 16642
2 10260 16642
2 10264 16642
2 10269 16642
2 10271 16649
2 10291 16642
2 10295 16649
2 10321 16642
2 10325 16650
2 10331 16642
2 10334 16642
2 10337 16652
2 10352 16639
2 10361 16649
2 10367 16642
2 10375 16639
2 10376 16639
2 10377 16642
2 10380 16642
2 10383 16642
2 10385 16642
2 10386 16639
2 10387 16642
2 10399 16642
2 10402 16633
2 10409 16645
2 10426 16642
2 10429 16642
2 10430 16650
2 10438 16642
2 10442 16642
2 10451 16650
2 10462 16645
2 10464 16649
2 10471 16642
2 10477 16645
2 10480 16642
2 10481 16642
2 10486 16649
2 10488 16642
2 10495 16645
2 10496 16642
2 10499 16642
2 10509 16642
2 10513 16649
2 10516 16640
2 10524 16649
2 10527 16649
2 10528 16649
2 10531 16648
2 10532 16642
2 10536 16642
2 10542 16652
2 10544 16642
2 10557 16652
2 10558 16649
2 10562 16652
2 10567 16645
2 10580 16649
2 10587 16642
2 10589 16642
2 10591 16642
2 10593 16642
2 10597 16652
2 10598 16642
2 10602 16642
2 10610 16649
2 10611 16649
2 10621 16649
2 10623 16652
2 10630 16642
2 10633 16652
2 10643 16649
2 10655 16639
2 10657 16642
2 10658 16642
2 10660 16633
2 10671 16649
2 10672 16642
2 10676 16642
2 10683 16639
2 10685 16642
2 10686 16642
2 10692 16649
2 10702 16649
2 10710 16649
2 10721 16642
2 10725 16649
2 10731 16649
2 10740 16642
2 10748 16645
2 10749 16642
2 10750 16650
2 10751 16642
2 10755 16642
2 10760 16649
2 10772 16642
2 10773 16649
2 10776 16649
2 10784 16642
2 10785 16648
2 10786 16642
2 10794 16648
2 10795 16642
2 10806 16642
2 10810 16642
2 10819 16649
2 10824 16649
2 10827 16642
2 10830 16642
2 10834 16639
2 10837 16633
2 10842 16642
2 10845 16652
2 10852 16642
2 10860 16642
2 10866 16650
2 10868 16642
2 10875 16649
2 10878 16649
2 10880 16642
2 10885 16650
2 10891 16642
2 10898 16652
2 10899 16645
2 10903 16649
2 10915 16642
2 10917 16648
2 10928 16642
2 10939 16642
2 10945 16642
2 10946 16649
2 10951 16650
2 10956 16642
2 10961 16642
2 10964 16642
2 10972 16649
2 10978 16649
2 10984 16642
2 10987 16649
2 10997 16649
2 11004 16645
2 11013 16642
2 11015 16649
2 11018 16651
2 11022 16639
2 11026 16649
2 11028 16642
2 11032 16642
2 11035 16642
2 11039 16642
2 11044 16649
2 11071 16649
2 11084 16645
2 11086 16649
2 11096 16649
2 11099 16642
2 11100 16652
2 11104 16642
2 11113 16642
2 11119 16642
2 11120 16640
2 11122 16642
2 11131 16649
2 11135 16649
2 11138 16649
2 11144 16642
2 11151 16652
2 11159 16649
2 11160 16633
2 11162 16642
2 11166 16642
2 11168 16642
2 11174 16652
2 11178 16652
2 11181 16649
2 11190 16642
2 11192 16642
2 11207 16642
2 11211 16649
2 11213 16649
2 11214 16652
2 11215 16649
2 11216 16652
2 11219 16649
2 11222 16655
2 11230 16652
2 11237 16642
2 11243 16642
2 11248 16649
2 11249 16642
2 11251 16649
2 11271 16649
2 11272 16642
2 11280 16642
2 11287 16649
2 11294 16649
2 11300 16642
2 11301 16649
2 11303 16642
2 11308 16649
2 11326 16649
2 11329 16649
2 11338 16649
2 11342 16642
2 11361 16649
2 11373 16633
2 11378 16649
2 11379 16649
2 11384 16649
2 11388 16649
2 11393 16649
2 11402 16649
2 11415 16642
2 11418 16648
2 11429 16652
2 11434 16649
2 11452 16642
2 11457 16651
2 11458 16649
2 11475 16642
2 11483 16642
2 11492 16639
2 11516 16649
2 11522 16642
2 11524 16642
2 11543 16642
2 11548 16648
2 11550 16649
2 11563 16642
2 11564 16652
2 11567 16642
2 11585 16639
2 11590 16642
2 11594 16652
2 11605 16639
2 11606 16649
2 11622 16639
2 11623 16642
2 11625 16642
2 11630 16642
2 11636 16642
2 11643 16649
2 11648 16642
2 11664 16649
2 11669 16633
2 11672 16645
2 11675 16649
2 11686 16648
2 11691 16649
2 11699 16640
2 11701 16642
2 11706 16652
2 11709 16649
2 11710 16645
2 11717 16649
2 11720 16642
2 11725 16642
2 11726 16642
2 11732 16642
2 11742 16639
2 11745 16649
2 11752 16642
2 11755 16642
2 11757 16649
2 11769 16642
2 11771 16639
2 11776 16642
2 11780 16649
2 11784 16642
2 11791 16642
2 11797 16642
2 11815 16642
2 11822 16649
2 11841 16642
2 11842 16649
2 11859 16648
2 11867 16648
2 11868 16649
2 11869 16652
2 11879 16649
2 11880 16649
2 11887 16642
2 11893 16642
2 11902 16642
2 11904 16642
2 11905 16645
2 11911 16642
2 11916 16646
2 11919 16649
2 11932 16639
2 11934 16642
2 11936 16652
2 11950 16642
2 11955 16648
2 11959 16642
2 11973 16649
2 11976 16640
2 11981 16642
2 11982 16642
2 11993 16642
2 11994 16649
2 12007 16633
2 12009 16639
2 12010 16648
2 12024 16650
2 12046 16642
2 12051 16642
2 12053 16649
2 12055 16642
2 12065 16650
2 12074 16652
2 12076 16646
2 12079 16651
2 12090 16642
2 12091 16649
2 12103 16639
2 12111 16642
2 12116 16649
2 12120 16642
2 12121 16649
2 12123 16642
2 12124 16642
2 12125 16642
2 12133 16649
2 12139 16649
2 12142 16642
2 12148 16649
2 12154 16642
2 12156 16642
2 12171 16649
2 12182 16642
2 12184 16648
2 12187 16651
2 12191 16642
2 12206 16642
2 12208 16642
2 12210 16652
2 12211 16650
2 12219 16642
2 12230 16649
2 12231 16652
2 12233 16649
2 12241 16642
2 12242 16645
2 12246 16649
2 12248 16649
2 12250 16649
2 12259 16642
2 12267 16639
2 12270 16649
2 12274 16642
2 12276 16649
2 12277 16642
2 12288 16642
2 12304 16649
2 12305 16646
2 12309 16639
2 12315 16642
2 12325 16652
2 12328 16642
2 12329 16642
2 12337 16642
2 12348 16649
2 12371 16642
2 12381 16642
2 12391 16642
2 12393 16642
2 12396 16645
2 12397 16633
2 12398 16649
2 12400 16649
2 12401 16642
2 12402 16649
2 12406 16645
2 12409 16649
2 12424 16642
2 12430 16642
2 12431 16642
2 12435 16649
2 12436 16649
2 12443 16642
2 12466 16640
2 12482 16642
2 12491 16652
2 12495 16649
2 12500 16633
2 12503 16648
2 12518 16642
2 12522 16645
2 12528 16649
2 12529 16646
2 12530 16639
2 12539 16642
2 12549 16652
2 12566 16642
2 12567 16642
2 12577 16648
2 12585 16645
2 12595 16645
2 12599 16642
2 12602 16642
2 12603 16649
2 12605 16642
2 12607 16649
2 12613 16645
2 12617 16649
2 12626 16642
2 12638 16654
2 12642 16649
2 12649 16642
2 12657 16642
2 12672 16642
2 12673 16649
2 12676 16649
2 12679 16642
2 12684 16642
2 12688 16642
2 12706 16640
2 12726 16642
2 12733 16649
2 12736 16642
2 12750 16642
2 12754 16649
2 12759 16646
2 12763 16649
2 12766 16651
2 12767 16642
2 12777 16642
2 12788 16645
2 12793 16650
2 12821 16646
2 12825 16639
2 12826 16642
2 12828 16650
2 12836 16649
2 12845 16649
2 12870 16642
2 12872 16649
2 12879 16650
2 12885 16642
2 12897 16639
2 12902 16645
2 12922 16642
2 12923 16642
2 12930 16649
2 12934 16649
2 12936 16642
2 12937 16642
2 12951 16642
2 12955 16642
2 12978 16648
2 12993 16642
2 12994 16642
2 13005 16649
2 13012 16642
2 13019 16649
2 13020 16649
2 13021 16649
2 13036 16650
2 13057 16646
2 13066 16642
2 13077 16649
2 13081 16642
2 13096 16642
2 13098 16642
2 13106 16642
2 13108 16649
2 13109 16642
2 13110 16650
2 13111 16650
2 13117 16642
2 13124 16642
2 13128 16642
2 13131 16642
2 13134 16650
2 13136 16642
2 13138 16652
2 13141 16642
2 13142 16642
2 13146 16649
2 13158 16642
2 13161 16645
2 13163 16650
2 13169 16639
2 13184 16642
2 13186 16649
2 13196 16642
2 13197 16642
2 13205 16642
2 13216 16649
2 13226 16649
2 13229 16642
2 13244 16648
2 13248 16649
2 13255 16642
2 13267 16642
2 13270 16649
2 13275 16642
2 13276 16642
2 13277 16642
2 13283 16642
2 13285 16642
2 13289 16642
2 13290 16639
2 13292 16654
2 13294 16642
2 13311 16639
2 13331 16642
2 13337 16649
2 13341 16649
2 13343 16647
2 13351 16642
2 13356 16645
2 13366 16651
2 13375 16649
2 13376 16649
2 13380 16649
2 13385 16649
2 13386 16649
2 13389 16649
2 13401 16652
2 13410 16649
2 13416 16642
2 13435 16642
2 13462 16642
2 13465 16640
2 13471 16637
2 13487 16637
2 13489 16649
2 13490 16642
2 13497 16642
2 13499 16650
2 13509 16642
2 13510 16642
2 13515 16649
2 13532 16649
2 13537 16642
2 13542 16649
2 13555 16649
2 13557 16650
2 13563 16637
2 13565 16642
2 13575 16649
2 13582 16633
2 13597 16649
2 13599 16649
2 13619 16642
2 13622 16642
2 13638 16649
2 13672 16649
2 13680 16652
2 13686 16642
2 13692 16642
2 13693 16652
2 13708 16649
2 13709 16642
2 13725 16642
2 13726 16642
2 13736 16649
2 13741 16649
2 13744 16642
2 13749 16642
2 13755 16649
2 13760 16642
2 13781 16649
2 13787 16649
2 13788 16649
2 13790 16650
2 13807 16649
2 13808 16654
2 13820 16648
2 13824 16642
2 13830 16649
2 13841 16642
2 13842 16650
2 13874 16648
2 13876 16649
2 13885 16642
2 13893 16649
2 13895 16652
2 13896 16642
2 13899 16642
2 13907 16642
2 13909 16642
2 13910 16642
2 13919 16642
2 13920 16649
2 13926 16649
2 13932 16642
2 13934 16649
2 13946 16651
2 13948 16642
2 13952 16642
2 13963 16642
2 13983 16642
2 14001 16642
2 14007 16642
2 14022 16648
2 14025 16649
2 14026 16650
2 14027 16652
2 14045 16642
2 14052 16642
2 14054 16650
2 14062 16642
2 14063 16642
2 14079 16645
2 14093 16649
2 14094 16642
2 14096 16649
2 14100 16649
2 14103 16642
2 14118 16642
2 14125 16633
2 14129 16640
2 14135 16642
2 14153 16646
2 14167 16651
2 14171 16642
2 14186 16642
2 14193 16642
2 14206 16645
2 14220 16642
2 14227 16646
2 14234 16642
2 14262 16649
2 14264 16642
2 14276 16652
2 14291 16642
2 14294 16648
2 14296 16650
2 14300 16649
2 14308 16642
2 14311 16642
2 14329 16642
2 14336 16642
2 14342 16650
2 14349 16642
2 14355 16649
2 14374 16646
2 14382 16649
2 14388 16642
2 14390 16642
2 14394 16651
2 14399 16649
2 14400 16642
2 14401 16642
2 14406 16642
2 14409 16642
2 14415 16649
2 14468 16642
2 14474 16649
2 14475 16649
2 14480 16642
2 14526 16652
2 14533 16646
2 14558 16649
2 14566 16642
2 14574 16642
2 14576 16649
2 14592 16642
2 14595 16642
2 14608 16642
2 14616 16646
2 14624 16651
2 14636 16642
2 14642 16649
2 14660 16652
2 14671 16649
2 14678 16639
2 14686 16649
2 14692 16649
2 14707 16645
2 14728 16649
2 14744 16642
2 14751 16649
2 14767 16649
2 14773 16642
2 14776 16642
2 14778 16642
2 14783 16642
2 14810 16642
2 14811 16642
2 14812 16649
2 14828 16649
2 14834 16649
2 14847 16642
2 14848 16652
2 14850 16642
2 14876 16652
2 14880 16649
2 14883 16640
2 14888 16642
2 14890 16649
2 14898 16649
2 14900 16642
2 14916 16642
2 14932 16649
2 14935 16649
2 14941 16649
2 14947 16642
2 14948 16642
2 14953 16649
2 14959 16652
2 14962 16649
2 14980 16646
2 14983 16649
2 14987 16649
2 15016 16642
2 15020 16642
2 15024 16642
2 15027 16651
2 15049 16652
2 15051 16649
2 15055 16649
2 15067 16648
2 15070 16639
2 15091 16649
2 15095 16649
2 15104 16649
2 15109 16646
2 15110 16642
2 15122 16642
2 15146 16649
2 15153 16649
2 15166 16642
2 15171 16650
2 15188 16646
2 15197 16642
2 15212 16642
2 15215 16642
2 15223 16642
2 15231 16649
2 15235 16642
2 15245 16648
2 15262 16645
2 15267 16648
2 15271 16642
2 15275 16650
2 15277 16649
2 15279 16642
2 15280 16642
2 15285 16642
2 15293 16642
2 15297 16642
2 15300 16642
2 15301 16649
2 15312 16649
2 15315 16642
2 15330 16652
2 15346 16649
2 15348 16642
2 15349 16642
2 15353 16642
2 15356 16650
2 15390 16642
2 15397 16642
2 15407 16642
2 15411 16642
2 15416 16639
2 15427 16642
2 15437 16642
2 15438 16649
2 15444 16649
2 15448 16649
2 15466 16652
2 15469 16642
2 15478 16652
2 15487 16649
2 15495 16652
2 15497 16642
2 15499 16652
2 15513 16649
2 15516 16642
2 15538 16642
2 15552 16649
2 15566 16642
2 15573 16649
2 15596 16646
2 15604 16649
2 15622 16642
2 15623 16649
2 15639 16642
2 15645 16642
2 15646 16654
2 15651 16642
2 15653 16642
2 15669 16649
2 15681 16650
2 15689 16642
2 15697 16642
2 15711 16649
2 15712 16652
2 15724 16642
2 15725 16649
2 15732 16650
2 15743 16651
2 15786 16652
2 15788 16652
2 15797 16649
2 15798 16642
2 15800 16645
2 15806 16652
2 15813 16649
2 15844 16652
2 15868 16642
2 15876 16651
2 15895 16642
2 15897 16649
2 15909 16645
2 15911 16642
2 15914 16650
2 15922 16645
2 15937 16642
2 15958 16646
2 15966 16642
2 15981 16645
2 15987 16649
2 15990 16642
2 16004 16654
2 16007 16642
2 16042 16649
2 16059 16649
2 16071 16642
2 16091 16652
2 16102 16649
2 16109 16633
2 16115 16642
2 16121 16640
2 16130 16642
2 16139 16649
2 16145 16649
2 16163 16646
2 16168 16642
2 16180 16652
2 16188 16649
2 16200 16649
2 16205 16642
2 16206 16650
2 16214 16642
2 16250 16642
2 16266 16642
2 16268 16642
2 16297 16642
2 16305 16642
2 16364 16642
2 16409 16642
2 16567 16649
2 16596 16646
3 16633 16802
3 16633 16803
3 16633 16804
3 16633 16806
3 16633 16808
3 16633 16812
3 16633 16814
3 16633 16815
3 16635 16803
3 16635 16804
3 16635 16806
3 16635 16814
3 16635 16815
3 16637 16803
3 16637 16804
3 16637 16806
3 16637 16815
3 16638 16802
3 16638 16803
3 16638 16804
3 16638 16806
3 16638 16808
3 16638 16815
3 16639 16801
3 16639 16802
3 16639 16803
3 16639 16804
3 16639 16806
3 16639 16808
3 16639 16812
3 16639 16814
3 16639 16815
3 16640 16801
3 16640 16802
3 16640 16803
3 16640 16804
3 16640 16806
3 16640 16812
3 16640 16814
3 16640 16815
3 16641 16804
3 16642 16801
3 16642 16802
3 16642 16803
3 16642 16804
3 16642 16806
3 16642 16808
3 16642 16812
3 16642 16814
3 16642 16815
3 16643 16804
3 16643 16806
3 16644 16802
3 16644 16803
3 16644 16804
3 16644 16806
3 16644 16815
3 16645 16801
3 16645 16802
3 16645 16803
3 16645 16804
3 16645 16806
3 16645 16808
3 16645 16810
3 16645 16814
3 16645 16815
3 16646 16801
3 16646 16802
3 16646 16803
3 16646 16804
3 16646 16806
3 16646 16808
3 16646 16812
3 16646 16814
3 16646 16815
3 16647 16802
3 16647 16803
3 16647 16804
3 16647 16806
3 16647 16814
3 16648 16801
3 16648 16802
3 16648 16803
3 16648 16804
3 16648 16806
3 16648 16808
3 16648 16812
3 16648 16814
3 16648 16815
3 16649 16801
3 16649 16802
3 16649 16803
3 16649 16804
3 16649 16806
3 16649 16808
3 16649 16810
3 16649 16812
3 16649 16814
3 16649 16815
3 16650 16802
3 16650 16803
3 16650 16804
3 16650 16806
3 16650 16808
3 16650 16812
3 16650 16814
3 16650 16815
3 16651 16802
3 16651 16803
3 16651 16804
3 16651 16806
3 16651 16808
3 16651 16812
3 16651 16814
3 16651 16815
3 16652 16801
3 16652 16802
3 16652 16803
3 16652 16804
3 16652 16806
3 16652 16808
3 16652 16812
3 16652 16814
3 16652 16815
3 16653 16803
3 16653 16804
3 16653 16806
3 16654 16802
3 16654 16803
3 16654 16804
3 16654 16806
3 16654 16815
3 16655 16802
3 16655 16804
3 16655 16806
4 16801 16820
4 16802 16820
4 16803 16820
4 16804 16820
4 16806 16820
4 16808 16820
4 16810 16820
4 16812 16820
4 16814 16820
4 16815 16820
5 16820 16825
5 16820 16827
5 16820 16828
5 16820 16829
5 16820 16831
5 16820 16832
5 16820 16833
5 16820 16836
5 16820 16838
5 16820 16841
5 16820 16843
5 16820 16844
5 16820 16845
5 16820 16846
5 16820 16847
5 16820 16848
5 16820 16849
5 16820 16851
5 16820 16852